0,2.5,0,2.5
0.001,2.4553,0.001,2.5447
0.002,2.4368,0.002,2.5632
0.003,2.4226,0.003,2.5774
0.004,2.4106,0.004,2.5894
0.005,2.4001,0.005,2.5999
0.006,2.3906,0.006,2.6094
0.007,2.3819,0.007,2.6181
0.008,2.3738,0.008,2.6262
0.009,2.3661,0.009,2.6339
0.01,2.3589,0.01,2.6411
0.011,2.3521,0.011,2.6479
0.012,2.3455,0.012,2.6545
0.013,2.3393,0.013,2.6607
0.014,2.3333,0.014,2.6667
0.015,2.3274,0.015,2.6726
0.016,2.3218,0.016,2.6782
0.017,2.3164,0.017,2.6836
0.018,2.3111,0.018,2.6889
0.019,2.306,0.019,2.694
0.02,2.301,0.02,2.699
0.021,2.2961,0.021,2.7039
0.022,2.2914,0.022,2.7086
0.023,2.2868,0.023,2.7132
0.024,2.2822,0.024,2.7178
0.025,2.2778,0.025,2.7222
0.026,2.2735,0.026,2.7265
0.027,2.2692,0.027,2.7308
0.028,2.265,0.028,2.735
0.029,2.2609,0.029,2.7391
0.03,2.2569,0.03,2.7431
0.031,2.2529,0.031,2.7471
0.032,2.249,0.032,2.751
0.033,2.2452,0.033,2.7548
0.034,2.2415,0.034,2.7585
0.035,2.2378,0.035,2.7622
0.036,2.2341,0.036,2.7659
0.037,2.2305,0.037,2.7695
0.038,2.227,0.038,2.773
0.039,2.2235,0.039,2.7765
0.04,2.22,0.04,2.78
0.041,2.2166,0.041,2.7834
0.042,2.2132,0.042,2.7868
0.043,2.2099,0.043,2.7901
0.044,2.2066,0.044,2.7934
0.045,2.2034,0.045,2.7966
0.046,2.2002,0.046,2.7998
0.047,2.197,0.047,2.803
0.048,2.1939,0.048,2.8061
0.049,2.1908,0.049,2.8092
0.05,2.1878,0.05,2.8122
0.051,2.1847,0.051,2.8153
0.052,2.1817,0.052,2.8183
0.053,2.1788,0.053,2.8212
0.054,2.1758,0.054,2.8242
0.055,2.1729,0.055,2.8271
0.056,2.1701,0.056,2.8299
0.057,2.1672,0.057,2.8328
0.058,2.1644,0.058,2.8356
0.059,2.1616,0.059,2.8384
0.06,2.1588,0.06,2.8412
0.061,2.1561,0.061,2.8439
0.062,2.1534,0.062,2.8466
0.063,2.1507,0.063,2.8493
0.064,2.148,0.064,2.852
0.065,2.1454,0.065,2.8546
0.066,2.1427,0.066,2.8573
0.067,2.1401,0.067,2.8599
0.068,2.1375,0.068,2.8625
0.069,2.135,0.069,2.865
0.07,2.1324,0.07,2.8676
0.071,2.1299,0.071,2.8701
0.072,2.1274,0.072,2.8726
0.073,2.1249,0.073,2.8751
0.074,2.1225,0.074,2.8775
0.075,2.12,0.075,2.88
0.076,2.1176,0.076,2.8824
0.077,2.1152,0.077,2.8848
0.078,2.1128,0.078,2.8872
0.079,2.1104,0.079,2.8896
0.08,2.1081,0.08,2.8919
0.081,2.1057,0.081,2.8943
0.082,2.1034,0.082,2.8966
0.083,2.1011,0.083,2.8989
0.084,2.0988,0.084,2.9012
0.085,2.0965,0.085,2.9035
0.086,2.0943,0.086,2.9057
0.087,2.092,0.087,2.908
0.088,2.0898,0.088,2.9102
0.089,2.0876,0.089,2.9124
0.09,2.0854,0.09,2.9146
0.091,2.0832,0.091,2.9168
0.092,2.081,0.092,2.919
0.093,2.0789,0.093,2.9211
0.094,2.0767,0.094,2.9233
0.095,2.0746,0.095,2.9254
0.096,2.0725,0.096,2.9275
0.097,2.0704,0.097,2.9296
0.098,2.0683,0.098,2.9317
0.099,2.0662,0.099,2.9338
0.1,2.0641,0.1,2.9359
0.101,2.0621,0.101,2.9379
0.102,2.06,0.102,2.94
0.103,2.058,0.103,2.942
0.104,2.0559,0.104,2.9441
0.105,2.0539,0.105,2.9461
0.106,2.0519,0.106,2.9481
0.107,2.0499,0.107,2.9501
0.108,2.048,0.108,2.952
0.109,2.046,0.109,2.954
0.11,2.044,0.11,2.956
0.111,2.0421,0.111,2.9579
0.112,2.0402,0.112,2.9598
0.113,2.0382,0.113,2.9618
0.114,2.0363,0.114,2.9637
0.115,2.0344,0.115,2.9656
0.116,2.0325,0.116,2.9675
0.117,2.0306,0.117,2.9694
0.118,2.0288,0.118,2.9712
0.119,2.0269,0.119,2.9731
0.12,2.025,0.12,2.975
0.121,2.0232,0.121,2.9768
0.122,2.0213,0.122,2.9787
0.123,2.0195,0.123,2.9805
0.124,2.0177,0.124,2.9823
0.125,2.0159,0.125,2.9841
0.126,2.0141,0.126,2.9859
0.127,2.0123,0.127,2.9877
0.128,2.0105,0.128,2.9895
0.129,2.0087,0.129,2.9913
0.13,2.0069,0.13,2.9931
0.131,2.0052,0.131,2.9948
0.132,2.0034,0.132,2.9966
0.133,2.0017,0.133,2.9983
0.134,2,0.134,3
0.135,1.9982,0.135,3.0018
0.136,1.9965,0.136,3.0035
0.137,1.9948,0.137,3.0052
0.138,1.9931,0.138,3.0069
0.139,1.9914,0.139,3.0086
0.14,1.9897,0.14,3.0103
0.141,1.988,0.141,3.012
0.142,1.9864,0.142,3.0136
0.143,1.9847,0.143,3.0153
0.144,1.983,0.144,3.017
0.145,1.9814,0.145,3.0186
0.146,1.9797,0.146,3.0203
0.147,1.9781,0.147,3.0219
0.148,1.9765,0.148,3.0235
0.149,1.9748,0.149,3.0252
0.15,1.9732,0.15,3.0268
0.151,1.9716,0.151,3.0284
0.152,1.97,0.152,3.03
0.153,1.9684,0.153,3.0316
0.154,1.9668,0.154,3.0332
0.155,1.9652,0.155,3.0348
0.156,1.9637,0.156,3.0363
0.157,1.9621,0.157,3.0379
0.158,1.9605,0.158,3.0395
0.159,1.959,0.159,3.041
0.16,1.9574,0.16,3.0426
0.161,1.9559,0.161,3.0441
0.162,1.9543,0.162,3.0457
0.163,1.9528,0.163,3.0472
0.164,1.9513,0.164,3.0487
0.165,1.9498,0.165,3.0502
0.166,1.9482,0.166,3.0518
0.167,1.9467,0.167,3.0533
0.168,1.9452,0.168,3.0548
0.169,1.9437,0.169,3.0563
0.17,1.9422,0.17,3.0578
0.171,1.9408,0.171,3.0592
0.172,1.9393,0.172,3.0607
0.173,1.9378,0.173,3.0622
0.174,1.9363,0.174,3.0637
0.175,1.9349,0.175,3.0651
0.176,1.9334,0.176,3.0666
0.177,1.932,0.177,3.068
0.178,1.9305,0.178,3.0695
0.179,1.9291,0.179,3.0709
0.18,1.9276,0.18,3.0724
0.181,1.9262,0.181,3.0738
0.182,1.9248,0.182,3.0752
0.183,1.9234,0.183,3.0766
0.184,1.9219,0.184,3.0781
0.185,1.9205,0.185,3.0795
0.186,1.9191,0.186,3.0809
0.187,1.9177,0.187,3.0823
0.188,1.9163,0.188,3.0837
0.189,1.915,0.189,3.085
0.19,1.9136,0.19,3.0864
0.191,1.9122,0.191,3.0878
0.192,1.9108,0.192,3.0892
0.193,1.9094,0.193,3.0906
0.194,1.9081,0.194,3.0919
0.195,1.9067,0.195,3.0933
0.196,1.9054,0.196,3.0946
0.197,1.904,0.197,3.096
0.198,1.9027,0.198,3.0973
0.199,1.9013,0.199,3.0987
0.2,1.9,0.2,3.1
0.201,1.8987,0.201,3.1013
0.202,1.8973,0.202,3.1027
0.203,1.896,0.203,3.104
0.204,1.8947,0.204,3.1053
0.205,1.8934,0.205,3.1066
0.206,1.8921,0.206,3.1079
0.207,1.8908,0.207,3.1092
0.208,1.8895,0.208,3.1105
0.209,1.8882,0.209,3.1118
0.21,1.8869,0.21,3.1131
0.211,1.8856,0.211,3.1144
0.212,1.8843,0.212,3.1157
0.213,1.883,0.213,3.117
0.214,1.8818,0.214,3.1182
0.215,1.8805,0.215,3.1195
0.216,1.8792,0.216,3.1208
0.217,1.878,0.217,3.122
0.218,1.8767,0.218,3.1233
0.219,1.8755,0.219,3.1245
0.22,1.8742,0.22,3.1258
0.221,1.873,0.221,3.127
0.222,1.8717,0.222,3.1283
0.223,1.8705,0.223,3.1295
0.224,1.8693,0.224,3.1307
0.225,1.868,0.225,3.132
0.226,1.8668,0.226,3.1332
0.227,1.8656,0.227,3.1344
0.228,1.8644,0.228,3.1356
0.229,1.8632,0.229,3.1368
0.23,1.862,0.23,3.138
0.231,1.8608,0.231,3.1392
0.232,1.8596,0.232,3.1404
0.233,1.8584,0.233,3.1416
0.234,1.8572,0.234,3.1428
0.235,1.856,0.235,3.144
0.236,1.8548,0.236,3.1452
0.237,1.8536,0.237,3.1464
0.238,1.8524,0.238,3.1476
0.239,1.8512,0.239,3.1488
0.24,1.8501,0.24,3.1499
0.241,1.8489,0.241,3.1511
0.242,1.8477,0.242,3.1523
0.243,1.8466,0.243,3.1534
0.244,1.8454,0.244,3.1546
0.245,1.8443,0.245,3.1557
0.246,1.8431,0.246,3.1569
0.247,1.842,0.247,3.158
0.248,1.8408,0.248,3.1592
0.249,1.8397,0.249,3.1603
0.25,1.8386,0.25,3.1614
0.251,1.8374,0.251,3.1626
0.252,1.8363,0.252,3.1637
0.253,1.8352,0.253,3.1648
0.254,1.8341,0.254,3.1659
0.255,1.8329,0.255,3.1671
0.256,1.8318,0.256,3.1682
0.257,1.8307,0.257,3.1693
0.258,1.8296,0.258,3.1704
0.259,1.8285,0.259,3.1715
0.26,1.8274,0.26,3.1726
0.261,1.8263,0.261,3.1737
0.262,1.8252,0.262,3.1748
0.263,1.8241,0.263,3.1759
0.264,1.823,0.264,3.177
0.265,1.8219,0.265,3.1781
0.266,1.8209,0.266,3.1791
0.267,1.8198,0.267,3.1802
0.268,1.8187,0.268,3.1813
0.269,1.8176,0.269,3.1824
0.27,1.8166,0.27,3.1834
0.271,1.8155,0.271,3.1845
0.272,1.8144,0.272,3.1856
0.273,1.8134,0.273,3.1866
0.274,1.8123,0.274,3.1877
0.275,1.8113,0.275,3.1887
0.276,1.8102,0.276,3.1898
0.277,1.8092,0.277,3.1908
0.278,1.8081,0.278,3.1919
0.279,1.8071,0.279,3.1929
0.28,1.806,0.28,3.194
0.281,1.805,0.281,3.195
0.282,1.804,0.282,3.196
0.283,1.8029,0.283,3.1971
0.284,1.8019,0.284,3.1981
0.285,1.8009,0.285,3.1991
0.286,1.7999,0.286,3.2001
0.287,1.7988,0.287,3.2012
0.288,1.7978,0.288,3.2022
0.289,1.7968,0.289,3.2032
0.29,1.7958,0.29,3.2042
0.291,1.7948,0.291,3.2052
0.292,1.7938,0.292,3.2062
0.293,1.7928,0.293,3.2072
0.294,1.7918,0.294,3.2082
0.295,1.7908,0.295,3.2092
0.296,1.7898,0.296,3.2102
0.297,1.7888,0.297,3.2112
0.298,1.7878,0.298,3.2122
0.299,1.7868,0.299,3.2132
0.3,1.7859,0.3,3.2141
0.301,1.7849,0.301,3.2151
0.302,1.7839,0.302,3.2161
0.303,1.7829,0.303,3.2171
0.304,1.782,0.304,3.218
0.305,1.781,0.305,3.219
0.306,1.78,0.306,3.22
0.307,1.7791,0.307,3.2209
0.308,1.7781,0.308,3.2219
0.309,1.7771,0.309,3.2229
0.31,1.7762,0.31,3.2238
0.311,1.7752,0.311,3.2248
0.312,1.7743,0.312,3.2257
0.313,1.7733,0.313,3.2267
0.314,1.7724,0.314,3.2276
0.315,1.7715,0.315,3.2285
0.316,1.7705,0.316,3.2295
0.317,1.7696,0.317,3.2304
0.318,1.7686,0.318,3.2314
0.319,1.7677,0.319,3.2323
0.32,1.7668,0.32,3.2332
0.321,1.7659,0.321,3.2341
0.322,1.7649,0.322,3.2351
0.323,1.764,0.323,3.236
0.324,1.7631,0.324,3.2369
0.325,1.7622,0.325,3.2378
0.326,1.7613,0.326,3.2387
0.327,1.7604,0.327,3.2396
0.328,1.7594,0.328,3.2406
0.329,1.7585,0.329,3.2415
0.33,1.7576,0.33,3.2424
0.331,1.7567,0.331,3.2433
0.332,1.7558,0.332,3.2442
0.333,1.7549,0.333,3.2451
0.334,1.754,0.334,3.246
0.335,1.7532,0.335,3.2468
0.336,1.7523,0.336,3.2477
0.337,1.7514,0.337,3.2486
0.338,1.7505,0.338,3.2495
0.339,1.7496,0.339,3.2504
0.34,1.7487,0.34,3.2513
0.341,1.7479,0.341,3.2521
0.342,1.747,0.342,3.253
0.343,1.7461,0.343,3.2539
0.344,1.7452,0.344,3.2548
0.345,1.7444,0.345,3.2556
0.346,1.7435,0.346,3.2565
0.347,1.7426,0.347,3.2574
0.348,1.7418,0.348,3.2582
0.349,1.7409,0.349,3.2591
0.35,1.7401,0.35,3.2599
0.351,1.7392,0.351,3.2608
0.352,1.7384,0.352,3.2616
0.353,1.7375,0.353,3.2625
0.354,1.7367,0.354,3.2633
0.355,1.7358,0.355,3.2642
0.356,1.735,0.356,3.265
0.357,1.7341,0.357,3.2659
0.358,1.7333,0.358,3.2667
0.359,1.7325,0.359,3.2675
0.36,1.7316,0.36,3.2684
0.361,1.7308,0.361,3.2692
0.362,1.73,0.362,3.27
0.363,1.7291,0.363,3.2709
0.364,1.7283,0.364,3.2717
0.365,1.7275,0.365,3.2725
0.366,1.7267,0.366,3.2733
0.367,1.7258,0.367,3.2742
0.368,1.725,0.368,3.275
0.369,1.7242,0.369,3.2758
0.37,1.7234,0.37,3.2766
0.371,1.7226,0.371,3.2774
0.372,1.7218,0.372,3.2782
0.373,1.721,0.373,3.279
0.374,1.7202,0.374,3.2798
0.375,1.7194,0.375,3.2806
0.376,1.7186,0.376,3.2814
0.377,1.7178,0.377,3.2822
0.378,1.717,0.378,3.283
0.379,1.7162,0.379,3.2838
0.38,1.7154,0.38,3.2846
0.381,1.7146,0.381,3.2854
0.382,1.7138,0.382,3.2862
0.383,1.713,0.383,3.287
0.384,1.7123,0.384,3.2877
0.385,1.7115,0.385,3.2885
0.386,1.7107,0.386,3.2893
0.387,1.7099,0.387,3.2901
0.388,1.7091,0.388,3.2909
0.389,1.7084,0.389,3.2916
0.39,1.7076,0.39,3.2924
0.391,1.7068,0.391,3.2932
0.392,1.7061,0.392,3.2939
0.393,1.7053,0.393,3.2947
0.394,1.7045,0.394,3.2955
0.395,1.7038,0.395,3.2962
0.396,1.703,0.396,3.297
0.397,1.7023,0.397,3.2977
0.398,1.7015,0.398,3.2985
0.399,1.7008,0.399,3.2992
0.4,1.7,0.4,3.3
0.401,1.6993,0.401,3.3007
0.402,1.6985,0.402,3.3015
0.403,1.6978,0.403,3.3022
0.404,1.697,0.404,3.303
0.405,1.6963,0.405,3.3037
0.406,1.6955,0.406,3.3045
0.407,1.6948,0.407,3.3052
0.408,1.6941,0.408,3.3059
0.409,1.6933,0.409,3.3067
0.41,1.6926,0.41,3.3074
0.411,1.6919,0.411,3.3081
0.412,1.6911,0.412,3.3089
0.413,1.6904,0.413,3.3096
0.414,1.6897,0.414,3.3103
0.415,1.689,0.415,3.311
0.416,1.6882,0.416,3.3118
0.417,1.6875,0.417,3.3125
0.418,1.6868,0.418,3.3132
0.419,1.6861,0.419,3.3139
0.42,1.6854,0.42,3.3146
0.421,1.6847,0.421,3.3153
0.422,1.684,0.422,3.316
0.423,1.6833,0.423,3.3167
0.424,1.6826,0.424,3.3174
0.425,1.6818,0.425,3.3182
0.426,1.6811,0.426,3.3189
0.427,1.6804,0.427,3.3196
0.428,1.6797,0.428,3.3203
0.429,1.679,0.429,3.321
0.43,1.6784,0.43,3.3216
0.431,1.6777,0.431,3.3223
0.432,1.677,0.432,3.323
0.433,1.6763,0.433,3.3237
0.434,1.6756,0.434,3.3244
0.435,1.6749,0.435,3.3251
0.436,1.6742,0.436,3.3258
0.437,1.6735,0.437,3.3265
0.438,1.6729,0.438,3.3271
0.439,1.6722,0.439,3.3278
0.44,1.6715,0.44,3.3285
0.441,1.6708,0.441,3.3292
0.442,1.6702,0.442,3.3298
0.443,1.6695,0.443,3.3305
0.444,1.6688,0.444,3.3312
0.445,1.6681,0.445,3.3319
0.446,1.6675,0.446,3.3325
0.447,1.6668,0.447,3.3332
0.448,1.6662,0.448,3.3338
0.449,1.6655,0.449,3.3345
0.45,1.6648,0.45,3.3352
0.451,1.6642,0.451,3.3358
0.452,1.6635,0.452,3.3365
0.453,1.6629,0.453,3.3371
0.454,1.6622,0.454,3.3378
0.455,1.6616,0.455,3.3384
0.456,1.6609,0.456,3.3391
0.457,1.6603,0.457,3.3397
0.458,1.6596,0.458,3.3404
0.459,1.659,0.459,3.341
0.46,1.6583,0.46,3.3417
0.461,1.6577,0.461,3.3423
0.462,1.6571,0.462,3.3429
0.463,1.6564,0.463,3.3436
0.464,1.6558,0.464,3.3442
0.465,1.6551,0.465,3.3449
0.466,1.6545,0.466,3.3455
0.467,1.6539,0.467,3.3461
0.468,1.6533,0.468,3.3467
0.469,1.6526,0.469,3.3474
0.47,1.652,0.47,3.348
0.471,1.6514,0.471,3.3486
0.472,1.6508,0.472,3.3492
0.473,1.6501,0.473,3.3499
0.474,1.6495,0.474,3.3505
0.475,1.6489,0.475,3.3511
0.476,1.6483,0.476,3.3517
0.477,1.6477,0.477,3.3523
0.478,1.6471,0.478,3.3529
0.479,1.6464,0.479,3.3536
0.48,1.6458,0.48,3.3542
0.481,1.6452,0.481,3.3548
0.482,1.6446,0.482,3.3554
0.483,1.644,0.483,3.356
0.484,1.6434,0.484,3.3566
0.485,1.6428,0.485,3.3572
0.486,1.6422,0.486,3.3578
0.487,1.6416,0.487,3.3584
0.488,1.641,0.488,3.359
0.489,1.6404,0.489,3.3596
0.49,1.6398,0.49,3.3602
0.491,1.6392,0.491,3.3608
0.492,1.6386,0.492,3.3614
0.493,1.6381,0.493,3.3619
0.494,1.6375,0.494,3.3625
0.495,1.6369,0.495,3.3631
0.496,1.6363,0.496,3.3637
0.497,1.6357,0.497,3.3643
0.498,1.6351,0.498,3.3649
0.499,1.6346,0.499,3.3654
0.5,1.634,0.5,3.366
0.501,1.6334,0.501,3.3666
0.502,1.6328,0.502,3.3672
0.503,1.6322,0.503,3.3678
0.504,1.6317,0.504,3.3683
0.505,1.6311,0.505,3.3689
0.506,1.6305,0.506,3.3695
0.507,1.63,0.507,3.37
0.508,1.6294,0.508,3.3706
0.509,1.6288,0.509,3.3712
0.51,1.6283,0.51,3.3717
0.511,1.6277,0.511,3.3723
0.512,1.6272,0.512,3.3728
0.513,1.6266,0.513,3.3734
0.514,1.626,0.514,3.374
0.515,1.6255,0.515,3.3745
0.516,1.6249,0.516,3.3751
0.517,1.6244,0.517,3.3756
0.518,1.6238,0.518,3.3762
0.519,1.6233,0.519,3.3767
0.52,1.6227,0.52,3.3773
0.521,1.6222,0.521,3.3778
0.522,1.6216,0.522,3.3784
0.523,1.6211,0.523,3.3789
0.524,1.6206,0.524,3.3794
0.525,1.62,0.525,3.38
0.526,1.6195,0.526,3.3805
0.527,1.6189,0.527,3.3811
0.528,1.6184,0.528,3.3816
0.529,1.6179,0.529,3.3821
0.53,1.6173,0.53,3.3827
0.531,1.6168,0.531,3.3832
0.532,1.6163,0.532,3.3837
0.533,1.6157,0.533,3.3843
0.534,1.6152,0.534,3.3848
0.535,1.6147,0.535,3.3853
0.536,1.6142,0.536,3.3858
0.537,1.6136,0.537,3.3864
0.538,1.6131,0.538,3.3869
0.539,1.6126,0.539,3.3874
0.54,1.6121,0.54,3.3879
0.541,1.6116,0.541,3.3884
0.542,1.611,0.542,3.389
0.543,1.6105,0.543,3.3895
0.544,1.61,0.544,3.39
0.545,1.6095,0.545,3.3905
0.546,1.609,0.546,3.391
0.547,1.6085,0.547,3.3915
0.548,1.608,0.548,3.392
0.549,1.6075,0.549,3.3925
0.55,1.607,0.55,3.393
0.551,1.6065,0.551,3.3935
0.552,1.606,0.552,3.394
0.553,1.6055,0.553,3.3945
0.554,1.605,0.554,3.395
0.555,1.6045,0.555,3.3955
0.556,1.604,0.556,3.396
0.557,1.6035,0.557,3.3965
0.558,1.603,0.558,3.397
0.559,1.6025,0.559,3.3975
0.56,1.602,0.56,3.398
0.561,1.6015,0.561,3.3985
0.562,1.601,0.562,3.399
0.563,1.6005,0.563,3.3995
0.564,1.6001,0.564,3.3999
0.565,1.5996,0.565,3.4004
0.566,1.5991,0.566,3.4009
0.567,1.5986,0.567,3.4014
0.568,1.5981,0.568,3.4019
0.569,1.5976,0.569,3.4024
0.57,1.5972,0.57,3.4028
0.571,1.5967,0.571,3.4033
0.572,1.5962,0.572,3.4038
0.573,1.5957,0.573,3.4043
0.574,1.5953,0.574,3.4047
0.575,1.5948,0.575,3.4052
0.576,1.5943,0.576,3.4057
0.577,1.5939,0.577,3.4061
0.578,1.5934,0.578,3.4066
0.579,1.5929,0.579,3.4071
0.58,1.5925,0.58,3.4075
0.581,1.592,0.581,3.408
0.582,1.5916,0.582,3.4084
0.583,1.5911,0.583,3.4089
0.584,1.5906,0.584,3.4094
0.585,1.5902,0.585,3.4098
0.586,1.5897,0.586,3.4103
0.587,1.5893,0.587,3.4107
0.588,1.5888,0.588,3.4112
0.589,1.5884,0.589,3.4116
0.59,1.5879,0.59,3.4121
0.591,1.5875,0.591,3.4125
0.592,1.587,0.592,3.413
0.593,1.5866,0.593,3.4134
0.594,1.5861,0.594,3.4139
0.595,1.5857,0.595,3.4143
0.596,1.5852,0.596,3.4148
0.597,1.5848,0.597,3.4152
0.598,1.5844,0.598,3.4156
0.599,1.5839,0.599,3.4161
0.6,1.5835,0.6,3.4165
0.601,1.583,0.601,3.417
0.602,1.5826,0.602,3.4174
0.603,1.5822,0.603,3.4178
0.604,1.5817,0.604,3.4183
0.605,1.5813,0.605,3.4187
0.606,1.5809,0.606,3.4191
0.607,1.5805,0.607,3.4195
0.608,1.58,0.608,3.42
0.609,1.5796,0.609,3.4204
0.61,1.5792,0.61,3.4208
0.611,1.5788,0.611,3.4212
0.612,1.5783,0.612,3.4217
0.613,1.5779,0.613,3.4221
0.614,1.5775,0.614,3.4225
0.615,1.5771,0.615,3.4229
0.616,1.5767,0.616,3.4233
0.617,1.5763,0.617,3.4237
0.618,1.5758,0.618,3.4242
0.619,1.5754,0.619,3.4246
0.62,1.575,0.62,3.425
0.621,1.5746,0.621,3.4254
0.622,1.5742,0.622,3.4258
0.623,1.5738,0.623,3.4262
0.624,1.5734,0.624,3.4266
0.625,1.573,0.625,3.427
0.626,1.5726,0.626,3.4274
0.627,1.5722,0.627,3.4278
0.628,1.5718,0.628,3.4282
0.629,1.5714,0.629,3.4286
0.63,1.571,0.63,3.429
0.631,1.5706,0.631,3.4294
0.632,1.5702,0.632,3.4298
0.633,1.5698,0.633,3.4302
0.634,1.5694,0.634,3.4306
0.635,1.569,0.635,3.431
0.636,1.5686,0.636,3.4314
0.637,1.5682,0.637,3.4318
0.638,1.5678,0.638,3.4322
0.639,1.5674,0.639,3.4326
0.64,1.567,0.64,3.433
0.641,1.5667,0.641,3.4333
0.642,1.5663,0.642,3.4337
0.643,1.5659,0.643,3.4341
0.644,1.5655,0.644,3.4345
0.645,1.5651,0.645,3.4349
0.646,1.5648,0.646,3.4352
0.647,1.5644,0.647,3.4356
0.648,1.564,0.648,3.436
0.649,1.5636,0.649,3.4364
0.65,1.5633,0.65,3.4367
0.651,1.5629,0.651,3.4371
0.652,1.5625,0.652,3.4375
0.653,1.5621,0.653,3.4379
0.654,1.5618,0.654,3.4382
0.655,1.5614,0.655,3.4386
0.656,1.561,0.656,3.439
0.657,1.5607,0.657,3.4393
0.658,1.5603,0.658,3.4397
0.659,1.5599,0.659,3.4401
0.66,1.5596,0.66,3.4404
0.661,1.5592,0.661,3.4408
0.662,1.5589,0.662,3.4411
0.663,1.5585,0.663,3.4415
0.664,1.5581,0.664,3.4419
0.665,1.5578,0.665,3.4422
0.666,1.5574,0.666,3.4426
0.667,1.5571,0.667,3.4429
0.668,1.5567,0.668,3.4433
0.669,1.5564,0.669,3.4436
0.67,1.556,0.67,3.444
0.671,1.5557,0.671,3.4443
0.672,1.5553,0.672,3.4447
0.673,1.555,0.673,3.445
0.674,1.5546,0.674,3.4454
0.675,1.5543,0.675,3.4457
0.676,1.5539,0.676,3.4461
0.677,1.5536,0.677,3.4464
0.678,1.5533,0.678,3.4467
0.679,1.5529,0.679,3.4471
0.68,1.5526,0.68,3.4474
0.681,1.5522,0.681,3.4478
0.682,1.5519,0.682,3.4481
0.683,1.5516,0.683,3.4484
0.684,1.5512,0.684,3.4488
0.685,1.5509,0.685,3.4491
0.686,1.5506,0.686,3.4494
0.687,1.5502,0.687,3.4498
0.688,1.5499,0.688,3.4501
0.689,1.5496,0.689,3.4504
0.69,1.5493,0.69,3.4507
0.691,1.5489,0.691,3.4511
0.692,1.5486,0.692,3.4514
0.693,1.5483,0.693,3.4517
0.694,1.548,0.694,3.452
0.695,1.5476,0.695,3.4524
0.696,1.5473,0.696,3.4527
0.697,1.547,0.697,3.453
0.698,1.5467,0.698,3.4533
0.699,1.5464,0.699,3.4536
0.7,1.5461,0.7,3.4539
0.701,1.5457,0.701,3.4543
0.702,1.5454,0.702,3.4546
0.703,1.5451,0.703,3.4549
0.704,1.5448,0.704,3.4552
0.705,1.5445,0.705,3.4555
0.706,1.5442,0.706,3.4558
0.707,1.5439,0.707,3.4561
0.708,1.5436,0.708,3.4564
0.709,1.5433,0.709,3.4567
0.71,1.543,0.71,3.457
0.711,1.5427,0.711,3.4573
0.712,1.5424,0.712,3.4576
0.713,1.5421,0.713,3.4579
0.714,1.5418,0.714,3.4582
0.715,1.5415,0.715,3.4585
0.716,1.5412,0.716,3.4588
0.717,1.5409,0.717,3.4591
0.718,1.5406,0.718,3.4594
0.719,1.5403,0.719,3.4597
0.72,1.54,0.72,3.46
0.721,1.5397,0.721,3.4603
0.722,1.5394,0.722,3.4606
0.723,1.5391,0.723,3.4609
0.724,1.5388,0.724,3.4612
0.725,1.5386,0.725,3.4614
0.726,1.5383,0.726,3.4617
0.727,1.538,0.727,3.462
0.728,1.5377,0.728,3.4623
0.729,1.5374,0.729,3.4626
0.73,1.5371,0.73,3.4629
0.731,1.5369,0.731,3.4631
0.732,1.5366,0.732,3.4634
0.733,1.5363,0.733,3.4637
0.734,1.536,0.734,3.464
0.735,1.5358,0.735,3.4642
0.736,1.5355,0.736,3.4645
0.737,1.5352,0.737,3.4648
0.738,1.5349,0.738,3.4651
0.739,1.5347,0.739,3.4653
0.74,1.5344,0.74,3.4656
0.741,1.5341,0.741,3.4659
0.742,1.5339,0.742,3.4661
0.743,1.5336,0.743,3.4664
0.744,1.5333,0.744,3.4667
0.745,1.5331,0.745,3.4669
0.746,1.5328,0.746,3.4672
0.747,1.5325,0.747,3.4675
0.748,1.5323,0.748,3.4677
0.749,1.532,0.749,3.468
0.75,1.5318,0.75,3.4682
0.751,1.5315,0.751,3.4685
0.752,1.5312,0.752,3.4688
0.753,1.531,0.753,3.469
0.754,1.5307,0.754,3.4693
0.755,1.5305,0.755,3.4695
0.756,1.5302,0.756,3.4698
0.757,1.53,0.757,3.47
0.758,1.5297,0.758,3.4703
0.759,1.5295,0.759,3.4705
0.76,1.5292,0.76,3.4708
0.761,1.529,0.761,3.471
0.762,1.5287,0.762,3.4713
0.763,1.5285,0.763,3.4715
0.764,1.5282,0.764,3.4718
0.765,1.528,0.765,3.472
0.766,1.5278,0.766,3.4722
0.767,1.5275,0.767,3.4725
0.768,1.5273,0.768,3.4727
0.769,1.527,0.769,3.473
0.77,1.5268,0.77,3.4732
0.771,1.5266,0.771,3.4734
0.772,1.5263,0.772,3.4737
0.773,1.5261,0.773,3.4739
0.774,1.5259,0.774,3.4741
0.775,1.5256,0.775,3.4744
0.776,1.5254,0.776,3.4746
0.777,1.5252,0.777,3.4748
0.778,1.525,0.778,3.475
0.779,1.5247,0.779,3.4753
0.78,1.5245,0.78,3.4755
0.781,1.5243,0.781,3.4757
0.782,1.5241,0.782,3.4759
0.783,1.5238,0.783,3.4762
0.784,1.5236,0.784,3.4764
0.785,1.5234,0.785,3.4766
0.786,1.5232,0.786,3.4768
0.787,1.5229,0.787,3.4771
0.788,1.5227,0.788,3.4773
0.789,1.5225,0.789,3.4775
0.79,1.5223,0.79,3.4777
0.791,1.5221,0.791,3.4779
0.792,1.5219,0.792,3.4781
0.793,1.5217,0.793,3.4783
0.794,1.5214,0.794,3.4786
0.795,1.5212,0.795,3.4788
0.796,1.521,0.796,3.479
0.797,1.5208,0.797,3.4792
0.798,1.5206,0.798,3.4794
0.799,1.5204,0.799,3.4796
0.8,1.5202,0.8,3.4798
0.801,1.52,0.801,3.48
0.802,1.5198,0.802,3.4802
0.803,1.5196,0.803,3.4804
0.804,1.5194,0.804,3.4806
0.805,1.5192,0.805,3.4808
0.806,1.519,0.806,3.481
0.807,1.5188,0.807,3.4812
0.808,1.5186,0.808,3.4814
0.809,1.5184,0.809,3.4816
0.81,1.5182,0.81,3.4818
0.811,1.518,0.811,3.482
0.812,1.5178,0.812,3.4822
0.813,1.5176,0.813,3.4824
0.814,1.5175,0.814,3.4825
0.815,1.5173,0.815,3.4827
0.816,1.5171,0.816,3.4829
0.817,1.5169,0.817,3.4831
0.818,1.5167,0.818,3.4833
0.819,1.5165,0.819,3.4835
0.82,1.5163,0.82,3.4837
0.821,1.5162,0.821,3.4838
0.822,1.516,0.822,3.484
0.823,1.5158,0.823,3.4842
0.824,1.5156,0.824,3.4844
0.825,1.5154,0.825,3.4846
0.826,1.5153,0.826,3.4847
0.827,1.5151,0.827,3.4849
0.828,1.5149,0.828,3.4851
0.829,1.5147,0.829,3.4853
0.83,1.5146,0.83,3.4854
0.831,1.5144,0.831,3.4856
0.832,1.5142,0.832,3.4858
0.833,1.514,0.833,3.486
0.834,1.5139,0.834,3.4861
0.835,1.5137,0.835,3.4863
0.836,1.5135,0.836,3.4865
0.837,1.5134,0.837,3.4866
0.838,1.5132,0.838,3.4868
0.839,1.513,0.839,3.487
0.84,1.5129,0.84,3.4871
0.841,1.5127,0.841,3.4873
0.842,1.5126,0.842,3.4874
0.843,1.5124,0.843,3.4876
0.844,1.5122,0.844,3.4878
0.845,1.5121,0.845,3.4879
0.846,1.5119,0.846,3.4881
0.847,1.5118,0.847,3.4882
0.848,1.5116,0.848,3.4884
0.849,1.5115,0.849,3.4885
0.85,1.5113,0.85,3.4887
0.851,1.5112,0.851,3.4888
0.852,1.511,0.852,3.489
0.853,1.5109,0.853,3.4891
0.854,1.5107,0.854,3.4893
0.855,1.5106,0.855,3.4894
0.856,1.5104,0.856,3.4896
0.857,1.5103,0.857,3.4897
0.858,1.5101,0.858,3.4899
0.859,1.51,0.859,3.49
0.86,1.5098,0.86,3.4902
0.861,1.5097,0.861,3.4903
0.862,1.5096,0.862,3.4904
0.863,1.5094,0.863,3.4906
0.864,1.5093,0.864,3.4907
0.865,1.5092,0.865,3.4908
0.866,1.509,0.866,3.491
0.867,1.5089,0.867,3.4911
0.868,1.5088,0.868,3.4912
0.869,1.5086,0.869,3.4914
0.87,1.5085,0.87,3.4915
0.871,1.5084,0.871,3.4916
0.872,1.5082,0.872,3.4918
0.873,1.5081,0.873,3.4919
0.874,1.508,0.874,3.492
0.875,1.5078,0.875,3.4922
0.876,1.5077,0.876,3.4923
0.877,1.5076,0.877,3.4924
0.878,1.5075,0.878,3.4925
0.879,1.5073,0.879,3.4927
0.88,1.5072,0.88,3.4928
0.881,1.5071,0.881,3.4929
0.882,1.507,0.882,3.493
0.883,1.5069,0.883,3.4931
0.884,1.5068,0.884,3.4932
0.885,1.5066,0.885,3.4934
0.886,1.5065,0.886,3.4935
0.887,1.5064,0.887,3.4936
0.888,1.5063,0.888,3.4937
0.889,1.5062,0.889,3.4938
0.89,1.5061,0.89,3.4939
0.891,1.506,0.891,3.494
0.892,1.5058,0.892,3.4942
0.893,1.5057,0.893,3.4943
0.894,1.5056,0.894,3.4944
0.895,1.5055,0.895,3.4945
0.896,1.5054,0.896,3.4946
0.897,1.5053,0.897,3.4947
0.898,1.5052,0.898,3.4948
0.899,1.5051,0.899,3.4949
0.9,1.505,0.9,3.495
0.901,1.5049,0.901,3.4951
0.902,1.5048,0.902,3.4952
0.903,1.5047,0.903,3.4953
0.904,1.5046,0.904,3.4954
0.905,1.5045,0.905,3.4955
0.906,1.5044,0.906,3.4956
0.907,1.5043,0.907,3.4957
0.908,1.5042,0.908,3.4958
0.909,1.5041,0.909,3.4959
0.91,1.5041,0.91,3.4959
0.911,1.504,0.911,3.496
0.912,1.5039,0.912,3.4961
0.913,1.5038,0.913,3.4962
0.914,1.5037,0.914,3.4963
0.915,1.5036,0.915,3.4964
0.916,1.5035,0.916,3.4965
0.917,1.5035,0.917,3.4965
0.918,1.5034,0.918,3.4966
0.919,1.5033,0.919,3.4967
0.92,1.5032,0.92,3.4968
0.921,1.5031,0.921,3.4969
0.922,1.503,0.922,3.497
0.923,1.503,0.923,3.497
0.924,1.5029,0.924,3.4971
0.925,1.5028,0.925,3.4972
0.926,1.5027,0.926,3.4973
0.927,1.5027,0.927,3.4973
0.928,1.5026,0.928,3.4974
0.929,1.5025,0.929,3.4975
0.93,1.5025,0.93,3.4975
0.931,1.5024,0.931,3.4976
0.932,1.5023,0.932,3.4977
0.933,1.5022,0.933,3.4978
0.934,1.5022,0.934,3.4978
0.935,1.5021,0.935,3.4979
0.936,1.5021,0.936,3.4979
0.937,1.502,0.937,3.498
0.938,1.5019,0.938,3.4981
0.939,1.5019,0.939,3.4981
0.94,1.5018,0.94,3.4982
0.941,1.5017,0.941,3.4983
0.942,1.5017,0.942,3.4983
0.943,1.5016,0.943,3.4984
0.944,1.5016,0.944,3.4984
0.945,1.5015,0.945,3.4985
0.946,1.5015,0.946,3.4985
0.947,1.5014,0.947,3.4986
0.948,1.5014,0.948,3.4986
0.949,1.5013,0.949,3.4987
0.95,1.5013,0.95,3.4987
0.951,1.5012,0.951,3.4988
0.952,1.5012,0.952,3.4988
0.953,1.5011,0.953,3.4989
0.954,1.5011,0.954,3.4989
0.955,1.501,0.955,3.499
0.956,1.501,0.956,3.499
0.957,1.5009,0.957,3.4991
0.958,1.5009,0.958,3.4991
0.959,1.5008,0.959,3.4992
0.96,1.5008,0.96,3.4992
0.961,1.5008,0.961,3.4992
0.962,1.5007,0.962,3.4993
0.963,1.5007,0.963,3.4993
0.964,1.5006,0.964,3.4994
0.965,1.5006,0.965,3.4994
0.966,1.5006,0.966,3.4994
0.967,1.5005,0.967,3.4995
0.968,1.5005,0.968,3.4995
0.969,1.5005,0.969,3.4995
0.97,1.5005,0.97,3.4995
0.971,1.5004,0.971,3.4996
0.972,1.5004,0.972,3.4996
0.973,1.5004,0.973,3.4996
0.974,1.5003,0.974,3.4997
0.975,1.5003,0.975,3.4997
0.976,1.5003,0.976,3.4997
0.977,1.5003,0.977,3.4997
0.978,1.5002,0.978,3.4998
0.979,1.5002,0.979,3.4998
0.98,1.5002,0.98,3.4998
0.981,1.5002,0.981,3.4998
0.982,1.5002,0.982,3.4998
0.983,1.5001,0.983,3.4999
0.984,1.5001,0.984,3.4999
0.985,1.5001,0.985,3.4999
0.986,1.5001,0.986,3.4999
0.987,1.5001,0.987,3.4999
0.988,1.5001,0.988,3.4999
0.989,1.5001,0.989,3.4999
0.99,1.5001,0.99,3.4999
0.991,1.5,0.991,3.5
0.992,1.5,0.992,3.5
0.993,1.5,0.993,3.5
0.994,1.5,0.994,3.5
0.995,1.5,0.995,3.5
0.996,1.5,0.996,3.5
0.997,1.5,0.997,3.5
0.998,1.5,0.998,3.5
0.999,1.5,0.999,3.5
1,1.5,1,3.5
1.001,1.5,1.001,3.5
1.002,1.5,1.002,3.5
1.003,1.5,1.003,3.5
1.004,1.5,1.004,3.5
1.005,1.5,1.005,3.5
1.006,1.5,1.006,3.5
1.007,1.5,1.007,3.5
1.008,1.5,1.008,3.5
1.009,1.5,1.009,3.5
1.01,1.5001,1.01,3.4999
1.011,1.5001,1.011,3.4999
1.012,1.5001,1.012,3.4999
1.013,1.5001,1.013,3.4999
1.014,1.5001,1.014,3.4999
1.015,1.5001,1.015,3.4999
1.016,1.5001,1.016,3.4999
1.017,1.5001,1.017,3.4999
1.018,1.5002,1.018,3.4998
1.019,1.5002,1.019,3.4998
1.02,1.5002,1.02,3.4998
1.021,1.5002,1.021,3.4998
1.022,1.5002,1.022,3.4998
1.023,1.5003,1.023,3.4997
1.024,1.5003,1.024,3.4997
1.025,1.5003,1.025,3.4997
1.026,1.5003,1.026,3.4997
1.027,1.5004,1.027,3.4996
1.028,1.5004,1.028,3.4996
1.029,1.5004,1.029,3.4996
1.03,1.5005,1.03,3.4995
1.031,1.5005,1.031,3.4995
1.032,1.5005,1.032,3.4995
1.033,1.5005,1.033,3.4995
1.034,1.5006,1.034,3.4994
1.035,1.5006,1.035,3.4994
1.036,1.5006,1.036,3.4994
1.037,1.5007,1.037,3.4993
1.038,1.5007,1.038,3.4993
1.039,1.5008,1.039,3.4992
1.04,1.5008,1.04,3.4992
1.041,1.5008,1.041,3.4992
1.042,1.5009,1.042,3.4991
1.043,1.5009,1.043,3.4991
1.044,1.501,1.044,3.499
1.045,1.501,1.045,3.499
1.046,1.5011,1.046,3.4989
1.047,1.5011,1.047,3.4989
1.048,1.5012,1.048,3.4988
1.049,1.5012,1.049,3.4988
1.05,1.5013,1.05,3.4987
1.051,1.5013,1.051,3.4987
1.052,1.5014,1.052,3.4986
1.053,1.5014,1.053,3.4986
1.054,1.5015,1.054,3.4985
1.055,1.5015,1.055,3.4985
1.056,1.5016,1.056,3.4984
1.057,1.5016,1.057,3.4984
1.058,1.5017,1.058,3.4983
1.059,1.5017,1.059,3.4983
1.06,1.5018,1.06,3.4982
1.061,1.5019,1.061,3.4981
1.062,1.5019,1.062,3.4981
1.063,1.502,1.063,3.498
1.064,1.5021,1.064,3.4979
1.065,1.5021,1.065,3.4979
1.066,1.5022,1.066,3.4978
1.067,1.5022,1.067,3.4978
1.068,1.5023,1.068,3.4977
1.069,1.5024,1.069,3.4976
1.07,1.5025,1.07,3.4975
1.071,1.5025,1.071,3.4975
1.072,1.5026,1.072,3.4974
1.073,1.5027,1.073,3.4973
1.074,1.5027,1.074,3.4973
1.075,1.5028,1.075,3.4972
1.076,1.5029,1.076,3.4971
1.077,1.503,1.077,3.497
1.078,1.503,1.078,3.497
1.079,1.5031,1.079,3.4969
1.08,1.5032,1.08,3.4968
1.081,1.5033,1.081,3.4967
1.082,1.5034,1.082,3.4966
1.083,1.5035,1.083,3.4965
1.084,1.5035,1.084,3.4965
1.085,1.5036,1.085,3.4964
1.086,1.5037,1.086,3.4963
1.087,1.5038,1.087,3.4962
1.088,1.5039,1.088,3.4961
1.089,1.504,1.089,3.496
1.09,1.5041,1.09,3.4959
1.091,1.5041,1.091,3.4959
1.092,1.5042,1.092,3.4958
1.093,1.5043,1.093,3.4957
1.094,1.5044,1.094,3.4956
1.095,1.5045,1.095,3.4955
1.096,1.5046,1.096,3.4954
1.097,1.5047,1.097,3.4953
1.098,1.5048,1.098,3.4952
1.099,1.5049,1.099,3.4951
1.1,1.505,1.1,3.495
1.101,1.5051,1.101,3.4949
1.102,1.5052,1.102,3.4948
1.103,1.5053,1.103,3.4947
1.104,1.5054,1.104,3.4946
1.105,1.5055,1.105,3.4945
1.106,1.5056,1.106,3.4944
1.107,1.5057,1.107,3.4943
1.108,1.5058,1.108,3.4942
1.109,1.506,1.109,3.494
1.11,1.5061,1.11,3.4939
1.111,1.5062,1.111,3.4938
1.112,1.5063,1.112,3.4937
1.113,1.5064,1.113,3.4936
1.114,1.5065,1.114,3.4935
1.115,1.5066,1.115,3.4934
1.116,1.5068,1.116,3.4932
1.117,1.5069,1.117,3.4931
1.118,1.507,1.118,3.493
1.119,1.5071,1.119,3.4929
1.12,1.5072,1.12,3.4928
1.121,1.5073,1.121,3.4927
1.122,1.5075,1.122,3.4925
1.123,1.5076,1.123,3.4924
1.124,1.5077,1.124,3.4923
1.125,1.5078,1.125,3.4922
1.126,1.508,1.126,3.492
1.127,1.5081,1.127,3.4919
1.128,1.5082,1.128,3.4918
1.129,1.5084,1.129,3.4916
1.13,1.5085,1.13,3.4915
1.131,1.5086,1.131,3.4914
1.132,1.5088,1.132,3.4912
1.133,1.5089,1.133,3.4911
1.134,1.509,1.134,3.491
1.135,1.5092,1.135,3.4908
1.136,1.5093,1.136,3.4907
1.137,1.5094,1.137,3.4906
1.138,1.5096,1.138,3.4904
1.139,1.5097,1.139,3.4903
1.14,1.5098,1.14,3.4902
1.141,1.51,1.141,3.49
1.142,1.5101,1.142,3.4899
1.143,1.5103,1.143,3.4897
1.144,1.5104,1.144,3.4896
1.145,1.5106,1.145,3.4894
1.146,1.5107,1.146,3.4893
1.147,1.5109,1.147,3.4891
1.148,1.511,1.148,3.489
1.149,1.5112,1.149,3.4888
1.15,1.5113,1.15,3.4887
1.151,1.5115,1.151,3.4885
1.152,1.5116,1.152,3.4884
1.153,1.5118,1.153,3.4882
1.154,1.5119,1.154,3.4881
1.155,1.5121,1.155,3.4879
1.156,1.5122,1.156,3.4878
1.157,1.5124,1.157,3.4876
1.158,1.5126,1.158,3.4874
1.159,1.5127,1.159,3.4873
1.16,1.5129,1.16,3.4871
1.161,1.513,1.161,3.487
1.162,1.5132,1.162,3.4868
1.163,1.5134,1.163,3.4866
1.164,1.5135,1.164,3.4865
1.165,1.5137,1.165,3.4863
1.166,1.5139,1.166,3.4861
1.167,1.514,1.167,3.486
1.168,1.5142,1.168,3.4858
1.169,1.5144,1.169,3.4856
1.17,1.5146,1.17,3.4854
1.171,1.5147,1.171,3.4853
1.172,1.5149,1.172,3.4851
1.173,1.5151,1.173,3.4849
1.174,1.5153,1.174,3.4847
1.175,1.5154,1.175,3.4846
1.176,1.5156,1.176,3.4844
1.177,1.5158,1.177,3.4842
1.178,1.516,1.178,3.484
1.179,1.5162,1.179,3.4838
1.18,1.5163,1.18,3.4837
1.181,1.5165,1.181,3.4835
1.182,1.5167,1.182,3.4833
1.183,1.5169,1.183,3.4831
1.184,1.5171,1.184,3.4829
1.185,1.5173,1.185,3.4827
1.186,1.5175,1.186,3.4825
1.187,1.5176,1.187,3.4824
1.188,1.5178,1.188,3.4822
1.189,1.518,1.189,3.482
1.19,1.5182,1.19,3.4818
1.191,1.5184,1.191,3.4816
1.192,1.5186,1.192,3.4814
1.193,1.5188,1.193,3.4812
1.194,1.519,1.194,3.481
1.195,1.5192,1.195,3.4808
1.196,1.5194,1.196,3.4806
1.197,1.5196,1.197,3.4804
1.198,1.5198,1.198,3.4802
1.199,1.52,1.199,3.48
1.2,1.5202,1.2,3.4798
1.201,1.5204,1.201,3.4796
1.202,1.5206,1.202,3.4794
1.203,1.5208,1.203,3.4792
1.204,1.521,1.204,3.479
1.205,1.5212,1.205,3.4788
1.206,1.5214,1.206,3.4786
1.207,1.5217,1.207,3.4783
1.208,1.5219,1.208,3.4781
1.209,1.5221,1.209,3.4779
1.21,1.5223,1.21,3.4777
1.211,1.5225,1.211,3.4775
1.212,1.5227,1.212,3.4773
1.213,1.5229,1.213,3.4771
1.214,1.5232,1.214,3.4768
1.215,1.5234,1.215,3.4766
1.216,1.5236,1.216,3.4764
1.217,1.5238,1.217,3.4762
1.218,1.5241,1.218,3.4759
1.219,1.5243,1.219,3.4757
1.22,1.5245,1.22,3.4755
1.221,1.5247,1.221,3.4753
1.222,1.525,1.222,3.475
1.223,1.5252,1.223,3.4748
1.224,1.5254,1.224,3.4746
1.225,1.5256,1.225,3.4744
1.226,1.5259,1.226,3.4741
1.227,1.5261,1.227,3.4739
1.228,1.5263,1.228,3.4737
1.229,1.5266,1.229,3.4734
1.23,1.5268,1.23,3.4732
1.231,1.527,1.231,3.473
1.232,1.5273,1.232,3.4727
1.233,1.5275,1.233,3.4725
1.234,1.5278,1.234,3.4722
1.235,1.528,1.235,3.472
1.236,1.5282,1.236,3.4718
1.237,1.5285,1.237,3.4715
1.238,1.5287,1.238,3.4713
1.239,1.529,1.239,3.471
1.24,1.5292,1.24,3.4708
1.241,1.5295,1.241,3.4705
1.242,1.5297,1.242,3.4703
1.243,1.53,1.243,3.47
1.244,1.5302,1.244,3.4698
1.245,1.5305,1.245,3.4695
1.246,1.5307,1.246,3.4693
1.247,1.531,1.247,3.469
1.248,1.5312,1.248,3.4688
1.249,1.5315,1.249,3.4685
1.25,1.5318,1.25,3.4682
1.251,1.532,1.251,3.468
1.252,1.5323,1.252,3.4677
1.253,1.5325,1.253,3.4675
1.254,1.5328,1.254,3.4672
1.255,1.5331,1.255,3.4669
1.256,1.5333,1.256,3.4667
1.257,1.5336,1.257,3.4664
1.258,1.5339,1.258,3.4661
1.259,1.5341,1.259,3.4659
1.26,1.5344,1.26,3.4656
1.261,1.5347,1.261,3.4653
1.262,1.5349,1.262,3.4651
1.263,1.5352,1.263,3.4648
1.264,1.5355,1.264,3.4645
1.265,1.5358,1.265,3.4642
1.266,1.536,1.266,3.464
1.267,1.5363,1.267,3.4637
1.268,1.5366,1.268,3.4634
1.269,1.5369,1.269,3.4631
1.27,1.5371,1.27,3.4629
1.271,1.5374,1.271,3.4626
1.272,1.5377,1.272,3.4623
1.273,1.538,1.273,3.462
1.274,1.5383,1.274,3.4617
1.275,1.5386,1.275,3.4614
1.276,1.5388,1.276,3.4612
1.277,1.5391,1.277,3.4609
1.278,1.5394,1.278,3.4606
1.279,1.5397,1.279,3.4603
1.28,1.54,1.28,3.46
1.281,1.5403,1.281,3.4597
1.282,1.5406,1.282,3.4594
1.283,1.5409,1.283,3.4591
1.284,1.5412,1.284,3.4588
1.285,1.5415,1.285,3.4585
1.286,1.5418,1.286,3.4582
1.287,1.5421,1.287,3.4579
1.288,1.5424,1.288,3.4576
1.289,1.5427,1.289,3.4573
1.29,1.543,1.29,3.457
1.291,1.5433,1.291,3.4567
1.292,1.5436,1.292,3.4564
1.293,1.5439,1.293,3.4561
1.294,1.5442,1.294,3.4558
1.295,1.5445,1.295,3.4555
1.296,1.5448,1.296,3.4552
1.297,1.5451,1.297,3.4549
1.298,1.5454,1.298,3.4546
1.299,1.5457,1.299,3.4543
1.3,1.5461,1.3,3.4539
1.301,1.5464,1.301,3.4536
1.302,1.5467,1.302,3.4533
1.303,1.547,1.303,3.453
1.304,1.5473,1.304,3.4527
1.305,1.5476,1.305,3.4524
1.306,1.548,1.306,3.452
1.307,1.5483,1.307,3.4517
1.308,1.5486,1.308,3.4514
1.309,1.5489,1.309,3.4511
1.31,1.5493,1.31,3.4507
1.311,1.5496,1.311,3.4504
1.312,1.5499,1.312,3.4501
1.313,1.5502,1.313,3.4498
1.314,1.5506,1.314,3.4494
1.315,1.5509,1.315,3.4491
1.316,1.5512,1.316,3.4488
1.317,1.5516,1.317,3.4484
1.318,1.5519,1.318,3.4481
1.319,1.5522,1.319,3.4478
1.32,1.5526,1.32,3.4474
1.321,1.5529,1.321,3.4471
1.322,1.5533,1.322,3.4467
1.323,1.5536,1.323,3.4464
1.324,1.5539,1.324,3.4461
1.325,1.5543,1.325,3.4457
1.326,1.5546,1.326,3.4454
1.327,1.555,1.327,3.445
1.328,1.5553,1.328,3.4447
1.329,1.5557,1.329,3.4443
1.33,1.556,1.33,3.444
1.331,1.5564,1.331,3.4436
1.332,1.5567,1.332,3.4433
1.333,1.5571,1.333,3.4429
1.334,1.5574,1.334,3.4426
1.335,1.5578,1.335,3.4422
1.336,1.5581,1.336,3.4419
1.337,1.5585,1.337,3.4415
1.338,1.5589,1.338,3.4411
1.339,1.5592,1.339,3.4408
1.34,1.5596,1.34,3.4404
1.341,1.5599,1.341,3.4401
1.342,1.5603,1.342,3.4397
1.343,1.5607,1.343,3.4393
1.344,1.561,1.344,3.439
1.345,1.5614,1.345,3.4386
1.346,1.5618,1.346,3.4382
1.347,1.5621,1.347,3.4379
1.348,1.5625,1.348,3.4375
1.349,1.5629,1.349,3.4371
1.35,1.5633,1.35,3.4367
1.351,1.5636,1.351,3.4364
1.352,1.564,1.352,3.436
1.353,1.5644,1.353,3.4356
1.354,1.5648,1.354,3.4352
1.355,1.5651,1.355,3.4349
1.356,1.5655,1.356,3.4345
1.357,1.5659,1.357,3.4341
1.358,1.5663,1.358,3.4337
1.359,1.5667,1.359,3.4333
1.36,1.567,1.36,3.433
1.361,1.5674,1.361,3.4326
1.362,1.5678,1.362,3.4322
1.363,1.5682,1.363,3.4318
1.364,1.5686,1.364,3.4314
1.365,1.569,1.365,3.431
1.366,1.5694,1.366,3.4306
1.367,1.5698,1.367,3.4302
1.368,1.5702,1.368,3.4298
1.369,1.5706,1.369,3.4294
1.37,1.571,1.37,3.429
1.371,1.5714,1.371,3.4286
1.372,1.5718,1.372,3.4282
1.373,1.5722,1.373,3.4278
1.374,1.5726,1.374,3.4274
1.375,1.573,1.375,3.427
1.376,1.5734,1.376,3.4266
1.377,1.5738,1.377,3.4262
1.378,1.5742,1.378,3.4258
1.379,1.5746,1.379,3.4254
1.38,1.575,1.38,3.425
1.381,1.5754,1.381,3.4246
1.382,1.5758,1.382,3.4242
1.383,1.5763,1.383,3.4237
1.384,1.5767,1.384,3.4233
1.385,1.5771,1.385,3.4229
1.386,1.5775,1.386,3.4225
1.387,1.5779,1.387,3.4221
1.388,1.5783,1.388,3.4217
1.389,1.5788,1.389,3.4212
1.39,1.5792,1.39,3.4208
1.391,1.5796,1.391,3.4204
1.392,1.58,1.392,3.42
1.393,1.5805,1.393,3.4195
1.394,1.5809,1.394,3.4191
1.395,1.5813,1.395,3.4187
1.396,1.5817,1.396,3.4183
1.397,1.5822,1.397,3.4178
1.398,1.5826,1.398,3.4174
1.399,1.583,1.399,3.417
1.4,1.5835,1.4,3.4165
1.401,1.5839,1.401,3.4161
1.402,1.5844,1.402,3.4156
1.403,1.5848,1.403,3.4152
1.404,1.5852,1.404,3.4148
1.405,1.5857,1.405,3.4143
1.406,1.5861,1.406,3.4139
1.407,1.5866,1.407,3.4134
1.408,1.587,1.408,3.413
1.409,1.5875,1.409,3.4125
1.41,1.5879,1.41,3.4121
1.411,1.5884,1.411,3.4116
1.412,1.5888,1.412,3.4112
1.413,1.5893,1.413,3.4107
1.414,1.5897,1.414,3.4103
1.415,1.5902,1.415,3.4098
1.416,1.5906,1.416,3.4094
1.417,1.5911,1.417,3.4089
1.418,1.5916,1.418,3.4084
1.419,1.592,1.419,3.408
1.42,1.5925,1.42,3.4075
1.421,1.5929,1.421,3.4071
1.422,1.5934,1.422,3.4066
1.423,1.5939,1.423,3.4061
1.424,1.5943,1.424,3.4057
1.425,1.5948,1.425,3.4052
1.426,1.5953,1.426,3.4047
1.427,1.5957,1.427,3.4043
1.428,1.5962,1.428,3.4038
1.429,1.5967,1.429,3.4033
1.43,1.5972,1.43,3.4028
1.431,1.5976,1.431,3.4024
1.432,1.5981,1.432,3.4019
1.433,1.5986,1.433,3.4014
1.434,1.5991,1.434,3.4009
1.435,1.5996,1.435,3.4004
1.436,1.6001,1.436,3.3999
1.437,1.6005,1.437,3.3995
1.438,1.601,1.438,3.399
1.439,1.6015,1.439,3.3985
1.44,1.602,1.44,3.398
1.441,1.6025,1.441,3.3975
1.442,1.603,1.442,3.397
1.443,1.6035,1.443,3.3965
1.444,1.604,1.444,3.396
1.445,1.6045,1.445,3.3955
1.446,1.605,1.446,3.395
1.447,1.6055,1.447,3.3945
1.448,1.606,1.448,3.394
1.449,1.6065,1.449,3.3935
1.45,1.607,1.45,3.393
1.451,1.6075,1.451,3.3925
1.452,1.608,1.452,3.392
1.453,1.6085,1.453,3.3915
1.454,1.609,1.454,3.391
1.455,1.6095,1.455,3.3905
1.456,1.61,1.456,3.39
1.457,1.6105,1.457,3.3895
1.458,1.611,1.458,3.389
1.459,1.6116,1.459,3.3884
1.46,1.6121,1.46,3.3879
1.461,1.6126,1.461,3.3874
1.462,1.6131,1.462,3.3869
1.463,1.6136,1.463,3.3864
1.464,1.6142,1.464,3.3858
1.465,1.6147,1.465,3.3853
1.466,1.6152,1.466,3.3848
1.467,1.6157,1.467,3.3843
1.468,1.6163,1.468,3.3837
1.469,1.6168,1.469,3.3832
1.47,1.6173,1.47,3.3827
1.471,1.6179,1.471,3.3821
1.472,1.6184,1.472,3.3816
1.473,1.6189,1.473,3.3811
1.474,1.6195,1.474,3.3805
1.475,1.62,1.475,3.38
1.476,1.6206,1.476,3.3794
1.477,1.6211,1.477,3.3789
1.478,1.6216,1.478,3.3784
1.479,1.6222,1.479,3.3778
1.48,1.6227,1.48,3.3773
1.481,1.6233,1.481,3.3767
1.482,1.6238,1.482,3.3762
1.483,1.6244,1.483,3.3756
1.484,1.6249,1.484,3.3751
1.485,1.6255,1.485,3.3745
1.486,1.626,1.486,3.374
1.487,1.6266,1.487,3.3734
1.488,1.6272,1.488,3.3728
1.489,1.6277,1.489,3.3723
1.49,1.6283,1.49,3.3717
1.491,1.6288,1.491,3.3712
1.492,1.6294,1.492,3.3706
1.493,1.63,1.493,3.37
1.494,1.6305,1.494,3.3695
1.495,1.6311,1.495,3.3689
1.496,1.6317,1.496,3.3683
1.497,1.6322,1.497,3.3678
1.498,1.6328,1.498,3.3672
1.499,1.6334,1.499,3.3666
1.5,1.634,1.5,3.366
1.501,1.6346,1.501,3.3654
1.502,1.6351,1.502,3.3649
1.503,1.6357,1.503,3.3643
1.504,1.6363,1.504,3.3637
1.505,1.6369,1.505,3.3631
1.506,1.6375,1.506,3.3625
1.507,1.6381,1.507,3.3619
1.508,1.6386,1.508,3.3614
1.509,1.6392,1.509,3.3608
1.51,1.6398,1.51,3.3602
1.511,1.6404,1.511,3.3596
1.512,1.641,1.512,3.359
1.513,1.6416,1.513,3.3584
1.514,1.6422,1.514,3.3578
1.515,1.6428,1.515,3.3572
1.516,1.6434,1.516,3.3566
1.517,1.644,1.517,3.356
1.518,1.6446,1.518,3.3554
1.519,1.6452,1.519,3.3548
1.52,1.6458,1.52,3.3542
1.521,1.6464,1.521,3.3536
1.522,1.6471,1.522,3.3529
1.523,1.6477,1.523,3.3523
1.524,1.6483,1.524,3.3517
1.525,1.6489,1.525,3.3511
1.526,1.6495,1.526,3.3505
1.527,1.6501,1.527,3.3499
1.528,1.6508,1.528,3.3492
1.529,1.6514,1.529,3.3486
1.53,1.652,1.53,3.348
1.531,1.6526,1.531,3.3474
1.532,1.6533,1.532,3.3467
1.533,1.6539,1.533,3.3461
1.534,1.6545,1.534,3.3455
1.535,1.6551,1.535,3.3449
1.536,1.6558,1.536,3.3442
1.537,1.6564,1.537,3.3436
1.538,1.6571,1.538,3.3429
1.539,1.6577,1.539,3.3423
1.54,1.6583,1.54,3.3417
1.541,1.659,1.541,3.341
1.542,1.6596,1.542,3.3404
1.543,1.6603,1.543,3.3397
1.544,1.6609,1.544,3.3391
1.545,1.6616,1.545,3.3384
1.546,1.6622,1.546,3.3378
1.547,1.6629,1.547,3.3371
1.548,1.6635,1.548,3.3365
1.549,1.6642,1.549,3.3358
1.55,1.6648,1.55,3.3352
1.551,1.6655,1.551,3.3345
1.552,1.6662,1.552,3.3338
1.553,1.6668,1.553,3.3332
1.554,1.6675,1.554,3.3325
1.555,1.6681,1.555,3.3319
1.556,1.6688,1.556,3.3312
1.557,1.6695,1.557,3.3305
1.558,1.6702,1.558,3.3298
1.559,1.6708,1.559,3.3292
1.56,1.6715,1.56,3.3285
1.561,1.6722,1.561,3.3278
1.562,1.6729,1.562,3.3271
1.563,1.6735,1.563,3.3265
1.564,1.6742,1.564,3.3258
1.565,1.6749,1.565,3.3251
1.566,1.6756,1.566,3.3244
1.567,1.6763,1.567,3.3237
1.568,1.677,1.568,3.323
1.569,1.6777,1.569,3.3223
1.57,1.6784,1.57,3.3216
1.571,1.679,1.571,3.321
1.572,1.6797,1.572,3.3203
1.573,1.6804,1.573,3.3196
1.574,1.6811,1.574,3.3189
1.575,1.6818,1.575,3.3182
1.576,1.6826,1.576,3.3174
1.577,1.6833,1.577,3.3167
1.578,1.684,1.578,3.316
1.579,1.6847,1.579,3.3153
1.58,1.6854,1.58,3.3146
1.581,1.6861,1.581,3.3139
1.582,1.6868,1.582,3.3132
1.583,1.6875,1.583,3.3125
1.584,1.6882,1.584,3.3118
1.585,1.689,1.585,3.311
1.586,1.6897,1.586,3.3103
1.587,1.6904,1.587,3.3096
1.588,1.6911,1.588,3.3089
1.589,1.6919,1.589,3.3081
1.59,1.6926,1.59,3.3074
1.591,1.6933,1.591,3.3067
1.592,1.6941,1.592,3.3059
1.593,1.6948,1.593,3.3052
1.594,1.6955,1.594,3.3045
1.595,1.6963,1.595,3.3037
1.596,1.697,1.596,3.303
1.597,1.6978,1.597,3.3022
1.598,1.6985,1.598,3.3015
1.599,1.6993,1.599,3.3007
1.6,1.7,1.6,3.3
1.601,1.7008,1.601,3.2992
1.602,1.7015,1.602,3.2985
1.603,1.7023,1.603,3.2977
1.604,1.703,1.604,3.297
1.605,1.7038,1.605,3.2962
1.606,1.7045,1.606,3.2955
1.607,1.7053,1.607,3.2947
1.608,1.7061,1.608,3.2939
1.609,1.7068,1.609,3.2932
1.61,1.7076,1.61,3.2924
1.611,1.7084,1.611,3.2916
1.612,1.7091,1.612,3.2909
1.613,1.7099,1.613,3.2901
1.614,1.7107,1.614,3.2893
1.615,1.7115,1.615,3.2885
1.616,1.7123,1.616,3.2877
1.617,1.713,1.617,3.287
1.618,1.7138,1.618,3.2862
1.619,1.7146,1.619,3.2854
1.62,1.7154,1.62,3.2846
1.621,1.7162,1.621,3.2838
1.622,1.717,1.622,3.283
1.623,1.7178,1.623,3.2822
1.624,1.7186,1.624,3.2814
1.625,1.7194,1.625,3.2806
1.626,1.7202,1.626,3.2798
1.627,1.721,1.627,3.279
1.628,1.7218,1.628,3.2782
1.629,1.7226,1.629,3.2774
1.63,1.7234,1.63,3.2766
1.631,1.7242,1.631,3.2758
1.632,1.725,1.632,3.275
1.633,1.7258,1.633,3.2742
1.634,1.7267,1.634,3.2733
1.635,1.7275,1.635,3.2725
1.636,1.7283,1.636,3.2717
1.637,1.7291,1.637,3.2709
1.638,1.73,1.638,3.27
1.639,1.7308,1.639,3.2692
1.64,1.7316,1.64,3.2684
1.641,1.7325,1.641,3.2675
1.642,1.7333,1.642,3.2667
1.643,1.7341,1.643,3.2659
1.644,1.735,1.644,3.265
1.645,1.7358,1.645,3.2642
1.646,1.7367,1.646,3.2633
1.647,1.7375,1.647,3.2625
1.648,1.7384,1.648,3.2616
1.649,1.7392,1.649,3.2608
1.65,1.7401,1.65,3.2599
1.651,1.7409,1.651,3.2591
1.652,1.7418,1.652,3.2582
1.653,1.7426,1.653,3.2574
1.654,1.7435,1.654,3.2565
1.655,1.7444,1.655,3.2556
1.656,1.7452,1.656,3.2548
1.657,1.7461,1.657,3.2539
1.658,1.747,1.658,3.253
1.659,1.7479,1.659,3.2521
1.66,1.7487,1.66,3.2513
1.661,1.7496,1.661,3.2504
1.662,1.7505,1.662,3.2495
1.663,1.7514,1.663,3.2486
1.664,1.7523,1.664,3.2477
1.665,1.7532,1.665,3.2468
1.666,1.754,1.666,3.246
1.667,1.7549,1.667,3.2451
1.668,1.7558,1.668,3.2442
1.669,1.7567,1.669,3.2433
1.67,1.7576,1.67,3.2424
1.671,1.7585,1.671,3.2415
1.672,1.7594,1.672,3.2406
1.673,1.7604,1.673,3.2396
1.674,1.7613,1.674,3.2387
1.675,1.7622,1.675,3.2378
1.676,1.7631,1.676,3.2369
1.677,1.764,1.677,3.236
1.678,1.7649,1.678,3.2351
1.679,1.7659,1.679,3.2341
1.68,1.7668,1.68,3.2332
1.681,1.7677,1.681,3.2323
1.682,1.7686,1.682,3.2314
1.683,1.7696,1.683,3.2304
1.684,1.7705,1.684,3.2295
1.685,1.7715,1.685,3.2285
1.686,1.7724,1.686,3.2276
1.687,1.7733,1.687,3.2267
1.688,1.7743,1.688,3.2257
1.689,1.7752,1.689,3.2248
1.69,1.7762,1.69,3.2238
1.691,1.7771,1.691,3.2229
1.692,1.7781,1.692,3.2219
1.693,1.7791,1.693,3.2209
1.694,1.78,1.694,3.22
1.695,1.781,1.695,3.219
1.696,1.782,1.696,3.218
1.697,1.7829,1.697,3.2171
1.698,1.7839,1.698,3.2161
1.699,1.7849,1.699,3.2151
1.7,1.7859,1.7,3.2141
1.701,1.7868,1.701,3.2132
1.702,1.7878,1.702,3.2122
1.703,1.7888,1.703,3.2112
1.704,1.7898,1.704,3.2102
1.705,1.7908,1.705,3.2092
1.706,1.7918,1.706,3.2082
1.707,1.7928,1.707,3.2072
1.708,1.7938,1.708,3.2062
1.709,1.7948,1.709,3.2052
1.71,1.7958,1.71,3.2042
1.711,1.7968,1.711,3.2032
1.712,1.7978,1.712,3.2022
1.713,1.7988,1.713,3.2012
1.714,1.7999,1.714,3.2001
1.715,1.8009,1.715,3.1991
1.716,1.8019,1.716,3.1981
1.717,1.8029,1.717,3.1971
1.718,1.804,1.718,3.196
1.719,1.805,1.719,3.195
1.72,1.806,1.72,3.194
1.721,1.8071,1.721,3.1929
1.722,1.8081,1.722,3.1919
1.723,1.8092,1.723,3.1908
1.724,1.8102,1.724,3.1898
1.725,1.8113,1.725,3.1887
1.726,1.8123,1.726,3.1877
1.727,1.8134,1.727,3.1866
1.728,1.8144,1.728,3.1856
1.729,1.8155,1.729,3.1845
1.73,1.8166,1.73,3.1834
1.731,1.8176,1.731,3.1824
1.732,1.8187,1.732,3.1813
1.733,1.8198,1.733,3.1802
1.734,1.8209,1.734,3.1791
1.735,1.8219,1.735,3.1781
1.736,1.823,1.736,3.177
1.737,1.8241,1.737,3.1759
1.738,1.8252,1.738,3.1748
1.739,1.8263,1.739,3.1737
1.74,1.8274,1.74,3.1726
1.741,1.8285,1.741,3.1715
1.742,1.8296,1.742,3.1704
1.743,1.8307,1.743,3.1693
1.744,1.8318,1.744,3.1682
1.745,1.8329,1.745,3.1671
1.746,1.8341,1.746,3.1659
1.747,1.8352,1.747,3.1648
1.748,1.8363,1.748,3.1637
1.749,1.8374,1.749,3.1626
1.75,1.8386,1.75,3.1614
1.751,1.8397,1.751,3.1603
1.752,1.8408,1.752,3.1592
1.753,1.842,1.753,3.158
1.754,1.8431,1.754,3.1569
1.755,1.8443,1.755,3.1557
1.756,1.8454,1.756,3.1546
1.757,1.8466,1.757,3.1534
1.758,1.8477,1.758,3.1523
1.759,1.8489,1.759,3.1511
1.76,1.8501,1.76,3.1499
1.761,1.8512,1.761,3.1488
1.762,1.8524,1.762,3.1476
1.763,1.8536,1.763,3.1464
1.764,1.8548,1.764,3.1452
1.765,1.856,1.765,3.144
1.766,1.8572,1.766,3.1428
1.767,1.8584,1.767,3.1416
1.768,1.8596,1.768,3.1404
1.769,1.8608,1.769,3.1392
1.77,1.862,1.77,3.138
1.771,1.8632,1.771,3.1368
1.772,1.8644,1.772,3.1356
1.773,1.8656,1.773,3.1344
1.774,1.8668,1.774,3.1332
1.775,1.868,1.775,3.132
1.776,1.8693,1.776,3.1307
1.777,1.8705,1.777,3.1295
1.778,1.8717,1.778,3.1283
1.779,1.873,1.779,3.127
1.78,1.8742,1.78,3.1258
1.781,1.8755,1.781,3.1245
1.782,1.8767,1.782,3.1233
1.783,1.878,1.783,3.122
1.784,1.8792,1.784,3.1208
1.785,1.8805,1.785,3.1195
1.786,1.8818,1.786,3.1182
1.787,1.883,1.787,3.117
1.788,1.8843,1.788,3.1157
1.789,1.8856,1.789,3.1144
1.79,1.8869,1.79,3.1131
1.791,1.8882,1.791,3.1118
1.792,1.8895,1.792,3.1105
1.793,1.8908,1.793,3.1092
1.794,1.8921,1.794,3.1079
1.795,1.8934,1.795,3.1066
1.796,1.8947,1.796,3.1053
1.797,1.896,1.797,3.104
1.798,1.8973,1.798,3.1027
1.799,1.8987,1.799,3.1013
1.8,1.9,1.8,3.1
1.801,1.9013,1.801,3.0987
1.802,1.9027,1.802,3.0973
1.803,1.904,1.803,3.096
1.804,1.9054,1.804,3.0946
1.805,1.9067,1.805,3.0933
1.806,1.9081,1.806,3.0919
1.807,1.9094,1.807,3.0906
1.808,1.9108,1.808,3.0892
1.809,1.9122,1.809,3.0878
1.81,1.9136,1.81,3.0864
1.811,1.915,1.811,3.085
1.812,1.9163,1.812,3.0837
1.813,1.9177,1.813,3.0823
1.814,1.9191,1.814,3.0809
1.815,1.9205,1.815,3.0795
1.816,1.9219,1.816,3.0781
1.817,1.9234,1.817,3.0766
1.818,1.9248,1.818,3.0752
1.819,1.9262,1.819,3.0738
1.82,1.9276,1.82,3.0724
1.821,1.9291,1.821,3.0709
1.822,1.9305,1.822,3.0695
1.823,1.932,1.823,3.068
1.824,1.9334,1.824,3.0666
1.825,1.9349,1.825,3.0651
1.826,1.9363,1.826,3.0637
1.827,1.9378,1.827,3.0622
1.828,1.9393,1.828,3.0607
1.829,1.9408,1.829,3.0592
1.83,1.9422,1.83,3.0578
1.831,1.9437,1.831,3.0563
1.832,1.9452,1.832,3.0548
1.833,1.9467,1.833,3.0533
1.834,1.9482,1.834,3.0518
1.835,1.9498,1.835,3.0502
1.836,1.9513,1.836,3.0487
1.837,1.9528,1.837,3.0472
1.838,1.9543,1.838,3.0457
1.839,1.9559,1.839,3.0441
1.84,1.9574,1.84,3.0426
1.841,1.959,1.841,3.041
1.842,1.9605,1.842,3.0395
1.843,1.9621,1.843,3.0379
1.844,1.9637,1.844,3.0363
1.845,1.9652,1.845,3.0348
1.846,1.9668,1.846,3.0332
1.847,1.9684,1.847,3.0316
1.848,1.97,1.848,3.03
1.849,1.9716,1.849,3.0284
1.85,1.9732,1.85,3.0268
1.851,1.9748,1.851,3.0252
1.852,1.9765,1.852,3.0235
1.853,1.9781,1.853,3.0219
1.854,1.9797,1.854,3.0203
1.855,1.9814,1.855,3.0186
1.856,1.983,1.856,3.017
1.857,1.9847,1.857,3.0153
1.858,1.9864,1.858,3.0136
1.859,1.988,1.859,3.012
1.86,1.9897,1.86,3.0103
1.861,1.9914,1.861,3.0086
1.862,1.9931,1.862,3.0069
1.863,1.9948,1.863,3.0052
1.864,1.9965,1.864,3.0035
1.865,1.9982,1.865,3.0018
1.866,2,1.866,3
1.867,2.0017,1.867,2.9983
1.868,2.0034,1.868,2.9966
1.869,2.0052,1.869,2.9948
1.87,2.0069,1.87,2.9931
1.871,2.0087,1.871,2.9913
1.872,2.0105,1.872,2.9895
1.873,2.0123,1.873,2.9877
1.874,2.0141,1.874,2.9859
1.875,2.0159,1.875,2.9841
1.876,2.0177,1.876,2.9823
1.877,2.0195,1.877,2.9805
1.878,2.0213,1.878,2.9787
1.879,2.0232,1.879,2.9768
1.88,2.025,1.88,2.975
1.881,2.0269,1.881,2.9731
1.882,2.0288,1.882,2.9712
1.883,2.0306,1.883,2.9694
1.884,2.0325,1.884,2.9675
1.885,2.0344,1.885,2.9656
1.886,2.0363,1.886,2.9637
1.887,2.0382,1.887,2.9618
1.888,2.0402,1.888,2.9598
1.889,2.0421,1.889,2.9579
1.89,2.044,1.89,2.956
1.891,2.046,1.891,2.954
1.892,2.048,1.892,2.952
1.893,2.0499,1.893,2.9501
1.894,2.0519,1.894,2.9481
1.895,2.0539,1.895,2.9461
1.896,2.0559,1.896,2.9441
1.897,2.058,1.897,2.942
1.898,2.06,1.898,2.94
1.899,2.0621,1.899,2.9379
1.9,2.0641,1.9,2.9359
1.901,2.0662,1.901,2.9338
1.902,2.0683,1.902,2.9317
1.903,2.0704,1.903,2.9296
1.904,2.0725,1.904,2.9275
1.905,2.0746,1.905,2.9254
1.906,2.0767,1.906,2.9233
1.907,2.0789,1.907,2.9211
1.908,2.081,1.908,2.919
1.909,2.0832,1.909,2.9168
1.91,2.0854,1.91,2.9146
1.911,2.0876,1.911,2.9124
1.912,2.0898,1.912,2.9102
1.913,2.092,1.913,2.908
1.914,2.0943,1.914,2.9057
1.915,2.0965,1.915,2.9035
1.916,2.0988,1.916,2.9012
1.917,2.1011,1.917,2.8989
1.918,2.1034,1.918,2.8966
1.919,2.1057,1.919,2.8943
1.92,2.1081,1.92,2.8919
1.921,2.1104,1.921,2.8896
1.922,2.1128,1.922,2.8872
1.923,2.1152,1.923,2.8848
1.924,2.1176,1.924,2.8824
1.925,2.12,1.925,2.88
1.926,2.1225,1.926,2.8775
1.927,2.1249,1.927,2.8751
1.928,2.1274,1.928,2.8726
1.929,2.1299,1.929,2.8701
1.93,2.1324,1.93,2.8676
1.931,2.135,1.931,2.865
1.932,2.1375,1.932,2.8625
1.933,2.1401,1.933,2.8599
1.934,2.1427,1.934,2.8573
1.935,2.1454,1.935,2.8546
1.936,2.148,1.936,2.852
1.937,2.1507,1.937,2.8493
1.938,2.1534,1.938,2.8466
1.939,2.1561,1.939,2.8439
1.94,2.1588,1.94,2.8412
1.941,2.1616,1.941,2.8384
1.942,2.1644,1.942,2.8356
1.943,2.1672,1.943,2.8328
1.944,2.1701,1.944,2.8299
1.945,2.1729,1.945,2.8271
1.946,2.1758,1.946,2.8242
1.947,2.1788,1.947,2.8212
1.948,2.1817,1.948,2.8183
1.949,2.1847,1.949,2.8153
1.95,2.1878,1.95,2.8122
1.951,2.1908,1.951,2.8092
1.952,2.1939,1.952,2.8061
1.953,2.197,1.953,2.803
1.954,2.2002,1.954,2.7998
1.955,2.2034,1.955,2.7966
1.956,2.2066,1.956,2.7934
1.957,2.2099,1.957,2.7901
1.958,2.2132,1.958,2.7868
1.959,2.2166,1.959,2.7834
1.96,2.22,1.96,2.78
1.961,2.2235,1.961,2.7765
1.962,2.227,1.962,2.773
1.963,2.2305,1.963,2.7695
1.964,2.2341,1.964,2.7659
1.965,2.2378,1.965,2.7622
1.966,2.2415,1.966,2.7585
1.967,2.2452,1.967,2.7548
1.968,2.249,1.968,2.751
1.969,2.2529,1.969,2.7471
1.97,2.2569,1.97,2.7431
1.971,2.2609,1.971,2.7391
1.972,2.265,1.972,2.735
1.973,2.2692,1.973,2.7308
1.974,2.2735,1.974,2.7265
1.975,2.2778,1.975,2.7222
1.976,2.2822,1.976,2.7178
1.977,2.2868,1.977,2.7132
1.978,2.2914,1.978,2.7086
1.979,2.2961,1.979,2.7039
1.98,2.301,1.98,2.699
1.981,2.306,1.981,2.694
1.982,2.3111,1.982,2.6889
1.983,2.3164,1.983,2.6836
1.984,2.3218,1.984,2.6782
1.985,2.3274,1.985,2.6726
1.986,2.3333,1.986,2.6667
1.987,2.3393,1.987,2.6607
1.988,2.3455,1.988,2.6545
1.989,2.3521,1.989,2.6479
1.99,2.3589,1.99,2.6411
1.991,2.3661,1.991,2.6339
1.992,2.3738,1.992,2.6262
1.993,2.3819,1.993,2.6181
1.994,2.3906,1.994,2.6094
1.995,2.4001,1.995,2.5999
1.996,2.4106,1.996,2.5894
1.997,2.4226,1.997,2.5774
1.998,2.4368,1.998,2.5632
1.999,2.4553,1.999,2.5447
2,2.5,2,2.5
