0,0,0,0
2,0,0.002002002002002,0.0948682822758623
NaN,NaN,0.004004004004004,0.134096778148745
NaN,NaN,0.00600600600600601,0.164151956380978
NaN,NaN,0.00800800800800801,0.189451174721772
NaN,NaN,0.01001001001001,0.211706387171346
NaN,NaN,0.012012012012012,0.231796041986821
NaN,NaN,0.014014014014014,0.25024224211411
NaN,NaN,0.016016016016016,0.267385336811436
NaN,NaN,0.018018018018018,0.283461850856798
NaN,NaN,0.02002002002002,0.298644081452296
NaN,NaN,0.022022022022022,0.313062162881012
NaN,NaN,0.024024024024024,0.326817245895803
NaN,NaN,0.026026026026026,0.339989809476733
NaN,NaN,0.028028028028028,0.352645137251404
NaN,NaN,0.03003003003003,0.36483705822192
NaN,NaN,0.032032032032032,0.376610580338519
NaN,NaN,0.034034034034034,0.388003792945038
NaN,NaN,0.036036036036036,0.3990492718982
NaN,NaN,0.038038038038038,0.409775137619596
NaN,NaN,0.04004004004004,0.420205865458542
NaN,NaN,0.042042042042042,0.430362915765628
NaN,NaN,0.044044044044044,0.440265230415431
NaN,NaN,0.046046046046046,0.44992962883671
NaN,NaN,0.048048048048048,0.459371127350701
NaN,NaN,0.0500500500500501,0.468603199229046
NaN,NaN,0.0520520520520521,0.477637988394839
NaN,NaN,0.0540540540540541,0.486486486486487
NaN,NaN,0.0560560560560561,0.495158680683266
NaN,NaN,0.0580580580580581,0.503663677987551
NaN,NaN,0.0600600600600601,0.512009810392174
NaN,NaN,0.0620620620620621,0.520204724409189
NaN,NaN,0.0640640640640641,0.528255457712817
NaN,NaN,0.0660660660660661,0.536168505094288
NaN,NaN,0.0680680680680681,0.543949875496482
NaN,NaN,0.0700700700700701,0.551605141560664
NaN,NaN,0.0720720720720721,0.559139482853438
NaN,NaN,0.0740740740740741,0.566557723732532
NaN,NaN,0.0760760760760761,0.573864366642758
NaN,NaN,0.0780780780780781,0.581063621498995
NaN,NaN,0.0800800800800801,0.588159431704268
NaN,NaN,0.0820820820820821,0.595155497262504
NaN,NaN,0.0840840840840841,0.602055295373103
NaN,NaN,0.0860860860860861,0.608862098834983
NaN,NaN,0.0880880880880881,0.615578992538418
NaN,NaN,0.0900900900900901,0.622208888282234
NaN,NaN,0.0920920920920921,0.628754538119721
NaN,NaN,0.0940940940940941,0.635218546408085
NaN,NaN,0.0960960960960961,0.641603380712247
NaN,NaN,0.0980980980980981,0.647911381693436
NaN,NaN,0.1001001001001,0.654144772095855
NaN,NaN,0.102102102102102,0.660305664930043
NaN,NaN,0.104104104104104,0.666396070939049
NaN,NaN,0.106106106106106,0.672417905422831
NaN,NaN,0.108108108108108,0.678372994487088
NaN,NaN,0.11011011011011,0.684263080774828
NaN,NaN,0.112112112112112,0.690089828732077
NaN,NaN,0.114114114114114,0.695854829453244
NaN,NaN,0.116116116116116,0.701559605146467
NaN,NaN,0.118118118118118,0.707205613254772
NaN,NaN,0.12012012012012,0.712794250264954
NaN,NaN,0.122122122122122,0.718326855232648
NaN,NaN,0.124124124124124,0.723804713049039
NaN,NaN,0.126126126126126,0.729229057472002
NaN,NaN,0.128128128128128,0.734601073942134
NaN,NaN,0.13013013013013,0.739921902202047
NaN,NaN,0.132132132132132,0.745192638735503
NaN,NaN,0.134134134134134,0.750414339041304
NaN,NaN,0.136136136136136,0.755588019755435
NaN,NaN,0.138138138138138,0.760714660633678
NaN,NaN,0.14014014014014,0.76579520640574
NaN,NaN,0.142142142142142,0.770830568510964
NaN,NaN,0.144144144144144,0.77582162672472
NaN,NaN,0.146146146146146,0.780769230683801
NaN,NaN,0.148148148148148,0.785674201318386
NaN,NaN,0.15015015015015,0.790537332197488
NaN,NaN,0.152152152152152,0.79535939079418
NaN,NaN,0.154154154154154,0.800141119676387
NaN,NaN,0.156156156156156,0.804883237628542
NaN,NaN,0.158158158158158,0.80958644070893
NaN,NaN,0.16016016016016,0.814251403247199
NaN,NaN,0.162162162162162,0.818878778786114
NaN,NaN,0.164164164164164,0.823469200971337
NaN,NaN,0.166166166166166,0.828023284392676
NaN,NaN,0.168168168168168,0.83254162538003
NaN,NaN,0.17017017017017,0.837024802756967
NaN,NaN,0.172172172172172,0.841473378554655
NaN,NaN,0.174174174174174,0.845887898688685
NaN,NaN,0.176176176176176,0.850268893601112
NaN,NaN,0.178178178178178,0.854616878869876
NaN,NaN,0.18018018018018,0.858932355787605
NaN,NaN,0.182182182182182,0.863215811911674
NaN,NaN,0.184184184184184,0.867467721587232
NaN,NaN,0.186186186186186,0.871688546444821
NaN,NaN,0.188188188188188,0.875878735874066
NaN,NaN,0.19019019019019,0.880038727474848
NaN,NaN,0.192192192192192,0.884168947487229
NaN,NaN,0.194194194194194,0.888269811201375
NaN,NaN,0.196196196196196,0.892341723348576
NaN,NaN,0.198198198198198,0.896385078474432
NaN,NaN,0.2002002002002,0.900400261295192
NaN,NaN,0.202202202202202,0.904387647038157
NaN,NaN,0.204204204204204,0.908347601767025
NaN,NaN,0.206206206206206,0.912280482692974
NaN,NaN,0.208208208208208,0.916186638472246
NaN,NaN,0.21021021021021,0.92006640949094
NaN,NaN,0.212212212212212,0.923920128137683
NaN,NaN,0.214214214214214,0.927748119064805
NaN,NaN,0.216216216216216,0.931550699438599
NaN,NaN,0.218218218218218,0.935328179179228
NaN,NaN,0.22022022022022,0.939080861190795
NaN,NaN,0.222222222222222,0.942809041582063
NaN,NaN,0.224224224224224,0.94651300987829
NaN,NaN,0.226226226226226,0.950193049224608
NaN,NaN,0.228228228228228,0.953849436581364
NaN,NaN,0.23023023023023,0.957482442911796
NaN,NaN,0.232232232232232,0.961092333362421
NaN,NaN,0.234234234234234,0.964679367436473
NaN,NaN,0.236236236236236,0.968243799160713
NaN,NaN,0.238238238238238,0.971785877245928
NaN,NaN,0.24024024024024,0.975305845241395
NaN,NaN,0.242242242242242,0.978803941683601
NaN,NaN,0.244244244244244,0.982280400239466
NaN,NaN,0.246246246246246,0.985735449844319
NaN,NaN,0.248248248248248,0.989169314834871
NaN,NaN,0.25025025025025,0.992582215077382
NaN,NaN,0.252252252252252,0.995974366091258
NaN,NaN,0.254254254254254,0.999345979168263
NaN,NaN,0.256256256256256,1.00269726148753
NaN,NaN,0.258258258258258,1.00602841622657
NaN,NaN,0.26026026026026,1.00933964266842
NaN,NaN,0.262262262262262,1.01263113630513
NaN,NaN,0.264264264264264,1.01590308893769
NaN,NaN,0.266266266266266,1.01915568877262
NaN,NaN,0.268268268268268,1.02238912051527
NaN,NaN,0.27027027027027,1.02560356546002
NaN,NaN,0.272272272272272,1.02879920157752
NaN,NaN,0.274274274274274,1.03197620359905
NaN,NaN,0.276276276276276,1.03513474309812
NaN,NaN,0.278278278278278,1.03827498856942
NaN,NaN,0.28028028028028,1.04139710550528
NaN,NaN,0.282282282282282,1.04450125646964
NaN,NaN,0.284284284284284,1.04758760116969
NaN,NaN,0.286286286286286,1.05065629652527
NaN,NaN,0.288288288288288,1.0537074967361
NaN,NaN,0.29029029029029,1.05674135334691
NaN,NaN,0.292292292292292,1.05975801531056
NaN,NaN,0.294294294294294,1.06275762904927
NaN,NaN,0.296296296296296,1.06574033851394
NaN,NaN,0.298298298298298,1.0687062852417
NaN,NaN,0.3003003003003,1.07165560841174
NaN,NaN,0.302302302302302,1.07458844489949
NaN,NaN,0.304304304304304,1.07750492932914
NaN,NaN,0.306306306306306,1.08040519412469
NaN,NaN,0.308308308308308,1.08328936955946
NaN,NaN,0.31031031031031,1.08615758380422
NaN,NaN,0.312312312312312,1.08900996297381
NaN,NaN,0.314314314314314,1.09184663117259
NaN,NaN,0.316316316316316,1.0946677105385
NaN,NaN,0.318318318318318,1.09747332128584
NaN,NaN,0.32032032032032,1.10026358174698
NaN,NaN,0.322322322322322,1.10303860841275
NaN,NaN,0.324324324324324,1.10579851597183
NaN,NaN,0.326326326326326,1.10854341734899
NaN,NaN,0.328328328328328,1.11127342374233
NaN,NaN,0.33033033033033,1.11398864465943
NaN,NaN,0.332332332332332,1.1166891879526
NaN,NaN,0.334334334334334,1.11937515985314
NaN,NaN,0.336336336336336,1.1220466650047
NaN,NaN,0.338338338338338,1.12470380649575
NaN,NaN,0.34034034034034,1.12734668589118
NaN,NaN,0.342342342342342,1.12997540326307
NaN,NaN,0.344344344344344,1.1325900572207
NaN,NaN,0.346346346346346,1.13519074493971
NaN,NaN,0.348348348348348,1.13777756219055
NaN,NaN,0.35035035035035,1.14035060336622
NaN,NaN,0.352352352352352,1.14290996150924
NaN,NaN,0.354354354354354,1.145455728338
NaN,NaN,0.356356356356356,1.14798799427239
NaN,NaN,0.358358358358358,1.15050684845884
NaN,NaN,0.36036036036036,1.15301237879468
NaN,NaN,0.362362362362362,1.15550467195194
NaN,NaN,0.364364364364364,1.15798381340055
NaN,NaN,0.366366366366366,1.16044988743096
NaN,NaN,0.368368368368368,1.16290297717622
NaN,NaN,0.37037037037037,1.1653431646335
NaN,NaN,0.372372372372372,1.16777053068514
NaN,NaN,0.374374374374374,1.17018515511915
NaN,NaN,0.376376376376376,1.17258711664921
NaN,NaN,0.378378378378378,1.17497649293428
NaN,NaN,0.38038038038038,1.17735336059761
NaN,NaN,0.382382382382382,1.17971779524544
NaN,NaN,0.384384384384384,1.18206987148517
NaN,NaN,0.386386386386386,1.18440966294315
NaN,NaN,0.388388388388388,1.18673724228203
NaN,NaN,0.39039039039039,1.18905268121776
NaN,NaN,0.392392392392392,1.19135605053614
NaN,NaN,0.394394394394394,1.19364742010901
NaN,NaN,0.396396396396396,1.19592685891014
NaN,NaN,0.398398398398398,1.19819443503063
NaN,NaN,0.4004004004004,1.2004502156941
NaN,NaN,0.402402402402402,1.20269426727143
NaN,NaN,0.404404404404404,1.20492665529527
NaN,NaN,0.406406406406406,1.20714744447414
NaN,NaN,0.408408408408408,1.20935669870629
NaN,NaN,0.41041041041041,1.21155448109322
NaN,NaN,0.412412412412412,1.21374085395287
NaN,NaN,0.414414414414414,1.21591587883265
NaN,NaN,0.416416416416416,1.21807961652202
NaN,NaN,0.418418418418418,1.22023212706493
NaN,NaN,0.42042042042042,1.22237346977195
NaN,NaN,0.422422422422422,1.2245037032321
NaN,NaN,0.424424424424424,1.22662288532454
NaN,NaN,0.426426426426426,1.22873107322985
NaN,NaN,0.428428428428428,1.23082832344125
NaN,NaN,0.43043043043043,1.23291469177545
NaN,NaN,0.432432432432432,1.23499023338334
NaN,NaN,0.434434434434434,1.23705500276044
NaN,NaN,0.436436436436436,1.23910905375716
NaN,NaN,0.438438438438438,1.24115243958879
NaN,NaN,0.44044044044044,1.24318521284538
NaN,NaN,0.442442442442442,1.24520742550128
NaN,NaN,0.444444444444444,1.24721912892465
NaN,NaN,0.446446446446446,1.24922037388666
NaN,NaN,0.448448448448448,1.25121121057055
NaN,NaN,0.45045045045045,1.2531916885805
NaN,NaN,0.452452452452452,1.25516185695033
NaN,NaN,0.454454454454454,1.25712176415202
NaN,NaN,0.456456456456456,1.25907145810406
NaN,NaN,0.458458458458458,1.26101098617967
NaN,NaN,0.46046046046046,1.26294039521479
NaN,NaN,0.462462462462462,1.26485973151598
NaN,NaN,0.464464464464464,1.26676904086815
NaN,NaN,0.466466466466466,1.26866836854209
NaN,NaN,0.468468468468468,1.27055775930196
NaN,NaN,0.47047047047047,1.27243725741253
NaN,NaN,0.472472472472472,1.27430690664634
NaN,NaN,0.474474474474474,1.2761667502907
NaN,NaN,0.476476476476476,1.27801683115459
NaN,NaN,0.478478478478478,1.27985719157538
NaN,NaN,0.48048048048048,1.28168787342549
NaN,NaN,0.482482482482482,1.28350891811886
NaN,NaN,0.484484484484485,1.2853203666173
NaN,NaN,0.486486486486487,1.28712225943683
NaN,NaN,0.488488488488488,1.28891463665373
NaN,NaN,0.49049049049049,1.29069753791065
NaN,NaN,0.492492492492492,1.29247100242246
NaN,NaN,0.494494494494495,1.29423506898212
NaN,NaN,0.496496496496497,1.29598977596635
NaN,NaN,0.498498498498498,1.29773516134126
NaN,NaN,0.500500500500501,1.2994712626678
NaN,NaN,0.502502502502503,1.30119811710722
NaN,NaN,0.504504504504504,1.30291576142637
NaN,NaN,0.506506506506507,1.30462423200287
NaN,NaN,0.508508508508508,1.30632356483025
NaN,NaN,0.510510510510511,1.30801379552299
NaN,NaN,0.512512512512513,1.30969495932147
NaN,NaN,0.514514514514514,1.31136709109676
NaN,NaN,0.516516516516517,1.31303022535546
NaN,NaN,0.518518518518518,1.31468439624436
NaN,NaN,0.520520520520521,1.31632963755501
NaN,NaN,0.522522522522523,1.31796598272828
NaN,NaN,0.524524524524524,1.31959346485881
NaN,NaN,0.526526526526527,1.32121211669935
NaN,NaN,0.528528528528528,1.32282197066506
NaN,NaN,0.530530530530531,1.32442305883774
NaN,NaN,0.532532532532533,1.32601541297
NaN,NaN,0.534534534534535,1.32759906448927
NaN,NaN,0.536536536536537,1.32917404450189
NaN,NaN,0.538538538538539,1.33074038379699
NaN,NaN,0.540540540540541,1.3322981128504
NaN,NaN,0.542542542542543,1.33384726182845
NaN,NaN,0.544544544544545,1.33538786059171
NaN,NaN,0.546546546546547,1.33691993869867
NaN,NaN,0.548548548548549,1.3384435254094
NaN,NaN,0.550550550550551,1.33995864968908
NaN,NaN,0.552552552552553,1.34146534021149
NaN,NaN,0.554554554554555,1.3429636253625
NaN,NaN,0.556556556556557,1.34445353324345
NaN,NaN,0.558558558558559,1.34593509167446
NaN,NaN,0.560560560560561,1.34740832819773
NaN,NaN,0.562562562562563,1.34887327008077
NaN,NaN,0.564564564564565,1.35032994431957
NaN,NaN,0.566566566566567,1.35177837764174
NaN,NaN,0.568568568568569,1.35321859650956
NaN,NaN,0.570570570570571,1.35465062712303
NaN,NaN,0.572572572572573,1.35607449542281
NaN,NaN,0.574574574574575,1.35749022709322
NaN,NaN,0.576576576576577,1.35889784756503
NaN,NaN,0.578578578578579,1.36029738201839
NaN,NaN,0.580580580580581,1.36168885538556
NaN,NaN,0.582582582582583,1.36307229235367
NaN,NaN,0.584584584584585,1.36444771736746
NaN,NaN,0.586586586586587,1.36581515463192
NaN,NaN,0.588588588588589,1.36717462811488
NaN,NaN,0.590590590590591,1.36852616154966
NaN,NaN,0.592592592592593,1.36986977843755
NaN,NaN,0.594594594594595,1.37120550205036
NaN,NaN,0.596596596596597,1.37253335543284
NaN,NaN,0.598598598598599,1.37385336140515
NaN,NaN,0.600600600600601,1.3751655425652
NaN,NaN,0.602602602602603,1.37646992129105
NaN,NaN,0.604604604604605,1.37776651974319
NaN,NaN,0.606606606606607,1.37905535986684
NaN,NaN,0.608608608608609,1.3803364633942
NaN,NaN,0.610610610610611,1.38160985184663
NaN,NaN,0.612612612612613,1.38287554653687
NaN,NaN,0.614614614614615,1.38413356857117
NaN,NaN,0.616616616616617,1.38538393885139
NaN,NaN,0.618618618618619,1.38662667807711
NaN,NaN,0.620620620620621,1.38786180674765
NaN,NaN,0.622622622622623,1.38908934516412
NaN,NaN,0.624624624624625,1.39030931343138
NaN,NaN,0.626626626626627,1.39152173146003
NaN,NaN,0.628628628628629,1.39272661896832
NaN,NaN,0.630630630630631,1.39392399548407
NaN,NaN,0.632632632632633,1.39511388034652
NaN,NaN,0.634634634634635,1.39629629270822
NaN,NaN,0.636636636636637,1.39747125153681
NaN,NaN,0.638638638638639,1.39863877561681
NaN,NaN,0.640640640640641,1.39979888355144
NaN,NaN,0.642642642642643,1.40095159376431
NaN,NaN,0.644644644644645,1.40209692450116
NaN,NaN,0.646646646646647,1.40323489383152
NaN,NaN,0.648648648648649,1.40436551965044
NaN,NaN,0.650650650650651,1.40548881968007
NaN,NaN,0.652652652652653,1.4066048114713
NaN,NaN,0.654654654654655,1.40771351240538
NaN,NaN,0.656656656656657,1.40881493969545
NaN,NaN,0.658658658658659,1.40990911038812
NaN,NaN,0.660660660660661,1.41099604136499
NaN,NaN,0.662662662662663,1.41207574934415
NaN,NaN,0.664664664664665,1.41314825088168
NaN,NaN,0.666666666666667,1.41421356237309
NaN,NaN,0.668668668668669,1.41527170005479
NaN,NaN,0.670670670670671,1.41632268000546
NaN,NaN,0.672672672672673,1.41736651814754
NaN,NaN,0.674674674674675,1.41840323024852
NaN,NaN,0.676676676676677,1.41943283192235
NaN,NaN,0.678678678678679,1.42045533863079
NaN,NaN,0.680680680680681,1.4214707656847
NaN,NaN,0.682682682682683,1.42247912824537
NaN,NaN,0.684684684684685,1.4234804413258
NaN,NaN,0.686686686686687,1.42447471979197
NaN,NaN,0.688688688688689,1.42546197836409
NaN,NaN,0.690690690690691,1.42644223161783
NaN,NaN,0.692692692692693,1.42741549398553
NaN,NaN,0.694694694694695,1.42838177975742
NaN,NaN,0.696696696696697,1.42934110308279
NaN,NaN,0.698698698698699,1.43029347797115
NaN,NaN,0.700700700700701,1.43123891829339
NaN,NaN,0.702702702702703,1.43217743778289
NaN,NaN,0.704704704704705,1.43310905003668
NaN,NaN,0.706706706706707,1.4340337685165
NaN,NaN,0.708708708708709,1.43495160654991
NaN,NaN,0.710710710710711,1.43586257733135
NaN,NaN,0.712712712712713,1.4367666939232
NaN,NaN,0.714714714714715,1.43766396925683
NaN,NaN,0.716716716716717,1.43855441613362
NaN,NaN,0.718718718718719,1.43943804722597
NaN,NaN,0.720720720720721,1.44031487507829
NaN,NaN,0.722722722722723,1.44118491210803
NaN,NaN,0.724724724724725,1.44204817060658
NaN,NaN,0.726726726726727,1.44290466274028
NaN,NaN,0.728728728728729,1.44375440055137
NaN,NaN,0.730730730730731,1.44459739595888
NaN,NaN,0.732732732732733,1.44543366075958
NaN,NaN,0.734734734734735,1.44626320662887
NaN,NaN,0.736736736736737,1.4470860451217
NaN,NaN,0.738738738738739,1.44790218767339
NaN,NaN,0.740740740740741,1.44871164560059
NaN,NaN,0.742742742742743,1.44951443010205
NaN,NaN,0.744744744744745,1.45031055225951
NaN,NaN,0.746746746746747,1.45110002303854
NaN,NaN,0.748748748748749,1.45188285328932
NaN,NaN,0.750750750750751,1.45265905374749
NaN,NaN,0.752752752752753,1.45342863503492
NaN,NaN,0.754754754754755,1.45419160766054
NaN,NaN,0.756756756756757,1.45494798202106
NaN,NaN,0.758758758758759,1.45569776840176
NaN,NaN,0.760760760760761,1.45644097697727
NaN,NaN,0.762762762762763,1.45717761781229
NaN,NaN,0.764764764764765,1.4579077008623
NaN,NaN,0.766766766766767,1.45863123597434
NaN,NaN,0.768768768768769,1.45934823288768
NaN,NaN,0.770770770770771,1.46005870123454
NaN,NaN,0.772772772772773,1.46076265054077
NaN,NaN,0.774774774774775,1.46146009022657
NaN,NaN,0.776776776776777,1.46215102960711
NaN,NaN,0.778778778778779,1.46283547789324
NaN,NaN,0.780780780780781,1.46351344419211
NaN,NaN,0.782782782782783,1.46418493750787
NaN,NaN,0.784784784784785,1.46484996674223
NaN,NaN,0.786786786786787,1.46550854069515
NaN,NaN,0.788788788788789,1.46616066806543
NaN,NaN,0.790790790790791,1.46680635745133
NaN,NaN,0.792792792792793,1.46744561735116
NaN,NaN,0.794794794794795,1.46807845616389
NaN,NaN,0.796796796796797,1.46870488218972
NaN,NaN,0.798798798798799,1.46932490363064
NaN,NaN,0.800800800800801,1.46993852859104
NaN,NaN,0.802802802802803,1.47054576507824
NaN,NaN,0.804804804804805,1.47114662100302
NaN,NaN,0.806806806806807,1.47174110418021
NaN,NaN,0.808808808808809,1.4723292223292
NaN,NaN,0.810810810810811,1.47291098307446
NaN,NaN,0.812812812812813,1.47348639394605
NaN,NaN,0.814814814814815,1.47405546238018
NaN,NaN,0.816816816816817,1.47461819571965
NaN,NaN,0.818818818818819,1.47517460121439
NaN,NaN,0.820820820820821,1.47572468602193
NaN,NaN,0.822822822822823,1.47626845720788
NaN,NaN,0.824824824824825,1.47680592174642
NaN,NaN,0.826826826826827,1.47733708652073
NaN,NaN,0.828828828828829,1.47786195832349
NaN,NaN,0.830830830830831,1.47838054385732
NaN,NaN,0.832832832832833,1.47889284973521
NaN,NaN,0.834834834834835,1.47939888248096
NaN,NaN,0.836836836836837,1.47989864852963
NaN,NaN,0.838838838838839,1.48039215422795
NaN,NaN,0.840840840840841,1.48087940583473
NaN,NaN,0.842842842842843,1.48136040952131
NaN,NaN,0.844844844844845,1.48183517137189
NaN,NaN,0.846846846846847,1.48230369738401
NaN,NaN,0.848848848848849,1.48276599346889
NaN,NaN,0.850850850850851,1.48322206545183
NaN,NaN,0.852852852852853,1.48367191907258
NaN,NaN,0.854854854854855,1.48411555998574
NaN,NaN,0.856856856856857,1.48455299376108
NaN,NaN,0.858858858858859,1.48498422588393
NaN,NaN,0.860860860860861,1.48540926175554
NaN,NaN,0.862862862862863,1.48582810669341
NaN,NaN,0.864864864864865,1.48624076593162
NaN,NaN,0.866866866866867,1.48664724462121
NaN,NaN,0.868868868868869,1.48704754783047
NaN,NaN,0.870870870870871,1.48744168054526
NaN,NaN,0.872872872872873,1.48782964766935
NaN,NaN,0.874874874874875,1.48821145402475
NaN,NaN,0.876876876876877,1.48858710435195
NaN,NaN,0.878878878878879,1.48895660331029
NaN,NaN,0.880880880880881,1.48931995547822
NaN,NaN,0.882882882882883,1.48967716535359
NaN,NaN,0.884884884884885,1.49002823735394
NaN,NaN,0.886886886886887,1.49037317581678
NaN,NaN,0.888888888888889,1.49071198499986
NaN,NaN,0.890890890890891,1.49104466908144
NaN,NaN,0.892892892892893,1.49137123216055
NaN,NaN,0.894894894894895,1.49169167825724
NaN,NaN,0.896896896896897,1.49200601131284
NaN,NaN,0.898898898898899,1.4923142351902
NaN,NaN,0.900900900900901,1.49261635367395
NaN,NaN,0.902902902902903,1.49291237047071
NaN,NaN,0.904904904904905,1.49320228920931
NaN,NaN,0.906906906906907,1.49348611344107
NaN,NaN,0.908908908908909,1.49376384663997
NaN,NaN,0.910910910910911,1.49403549220287
NaN,NaN,0.912912912912913,1.49430105344975
NaN,NaN,0.914914914914915,1.4945605336239
NaN,NaN,0.916916916916917,1.49481393589208
NaN,NaN,0.918918918918919,1.49506126334479
NaN,NaN,0.920920920920921,1.49530251899641
NaN,NaN,0.922922922922923,1.49553770578539
NaN,NaN,0.924924924924925,1.49576682657444
NaN,NaN,0.926926926926927,1.4959898841507
NaN,NaN,0.928928928928929,1.49620688122593
NaN,NaN,0.930930930930931,1.49641782043664
NaN,NaN,0.932932932932933,1.49662270434428
NaN,NaN,0.934934934934935,1.4968215354354
NaN,NaN,0.936936936936937,1.49701431612175
NaN,NaN,0.938938938938939,1.49720104874052
NaN,NaN,0.940940940940941,1.49738173555439
NaN,NaN,0.942942942942943,1.49755637875172
NaN,NaN,0.944944944944945,1.49772498044667
NaN,NaN,0.946946946946947,1.49788754267934
NaN,NaN,0.948948948948949,1.49804406741585
NaN,NaN,0.950950950950951,1.49819455654852
NaN,NaN,0.952952952952953,1.49833901189595
NaN,NaN,0.954954954954955,1.49847743520315
NaN,NaN,0.956956956956957,1.4986098281416
NaN,NaN,0.958958958958959,1.49873619230941
NaN,NaN,0.960960960960961,1.49885652923138
NaN,NaN,0.962962962962963,1.49897084035912
NaN,NaN,0.964964964964965,1.49907912707109
NaN,NaN,0.966966966966967,1.49918139067274
NaN,NaN,0.968968968968969,1.49927763239655
NaN,NaN,0.970970970970971,1.49936785340212
NaN,NaN,0.972972972972973,1.49945205477624
NaN,NaN,0.974974974974975,1.49953023753295
NaN,NaN,0.976976976976977,1.4996024026136
NaN,NaN,0.978978978978979,1.49966855088692
NaN,NaN,0.980980980980981,1.49972868314905
NaN,NaN,0.982982982982983,1.49978280012362
NaN,NaN,0.984984984984985,1.49983090246175
NaN,NaN,0.986986986986987,1.49987299074213
NaN,NaN,0.988988988988989,1.49990906547102
NaN,NaN,0.990990990990991,1.49993912708234
NaN,NaN,0.992992992992993,1.4999631759376
NaN,NaN,0.994994994994995,1.49998121232602
NaN,NaN,0.996996996996997,1.49999323646447
NaN,NaN,0.998998998998999,1.49999924849756
NaN,NaN,1.001001001001,1.49999924849756
NaN,NaN,1.003003003003,1.49999323646447
NaN,NaN,1.00500500500501,1.49998121232602
NaN,NaN,1.00700700700701,1.4999631759376
NaN,NaN,1.00900900900901,1.49993912708234
NaN,NaN,1.01101101101101,1.49990906547102
NaN,NaN,1.01301301301301,1.49987299074213
NaN,NaN,1.01501501501502,1.49983090246175
NaN,NaN,1.01701701701702,1.49978280012362
NaN,NaN,1.01901901901902,1.49972868314905
NaN,NaN,1.02102102102102,1.49966855088692
NaN,NaN,1.02302302302302,1.4996024026136
NaN,NaN,1.02502502502503,1.49953023753295
NaN,NaN,1.02702702702703,1.49945205477624
NaN,NaN,1.02902902902903,1.49936785340212
NaN,NaN,1.03103103103103,1.49927763239655
NaN,NaN,1.03303303303303,1.49918139067274
NaN,NaN,1.03503503503504,1.49907912707109
NaN,NaN,1.03703703703704,1.49897084035912
NaN,NaN,1.03903903903904,1.49885652923138
NaN,NaN,1.04104104104104,1.49873619230941
NaN,NaN,1.04304304304304,1.4986098281416
NaN,NaN,1.04504504504505,1.49847743520315
NaN,NaN,1.04704704704705,1.49833901189595
NaN,NaN,1.04904904904905,1.49819455654852
NaN,NaN,1.05105105105105,1.49804406741585
NaN,NaN,1.05305305305305,1.49788754267934
NaN,NaN,1.05505505505506,1.49772498044667
NaN,NaN,1.05705705705706,1.49755637875172
NaN,NaN,1.05905905905906,1.49738173555439
NaN,NaN,1.06106106106106,1.49720104874052
NaN,NaN,1.06306306306306,1.49701431612175
NaN,NaN,1.06506506506507,1.4968215354354
NaN,NaN,1.06706706706707,1.49662270434428
NaN,NaN,1.06906906906907,1.49641782043664
NaN,NaN,1.07107107107107,1.49620688122593
NaN,NaN,1.07307307307307,1.4959898841507
NaN,NaN,1.07507507507508,1.49576682657444
NaN,NaN,1.07707707707708,1.49553770578539
NaN,NaN,1.07907907907908,1.49530251899641
NaN,NaN,1.08108108108108,1.49506126334479
NaN,NaN,1.08308308308308,1.49481393589208
NaN,NaN,1.08508508508509,1.4945605336239
NaN,NaN,1.08708708708709,1.49430105344975
NaN,NaN,1.08908908908909,1.49403549220287
NaN,NaN,1.09109109109109,1.49376384663997
NaN,NaN,1.09309309309309,1.49348611344107
NaN,NaN,1.0950950950951,1.49320228920931
NaN,NaN,1.0970970970971,1.49291237047071
NaN,NaN,1.0990990990991,1.49261635367395
NaN,NaN,1.1011011011011,1.4923142351902
NaN,NaN,1.1031031031031,1.49200601131284
NaN,NaN,1.10510510510511,1.49169167825724
NaN,NaN,1.10710710710711,1.49137123216055
NaN,NaN,1.10910910910911,1.49104466908144
NaN,NaN,1.11111111111111,1.49071198499986
NaN,NaN,1.11311311311311,1.49037317581678
NaN,NaN,1.11511511511512,1.49002823735394
NaN,NaN,1.11711711711712,1.48967716535359
NaN,NaN,1.11911911911912,1.48931995547822
NaN,NaN,1.12112112112112,1.48895660331029
NaN,NaN,1.12312312312312,1.48858710435195
NaN,NaN,1.12512512512513,1.48821145402475
NaN,NaN,1.12712712712713,1.48782964766935
NaN,NaN,1.12912912912913,1.48744168054526
NaN,NaN,1.13113113113113,1.48704754783047
NaN,NaN,1.13313313313313,1.48664724462121
NaN,NaN,1.13513513513514,1.48624076593162
NaN,NaN,1.13713713713714,1.48582810669341
NaN,NaN,1.13913913913914,1.48540926175554
NaN,NaN,1.14114114114114,1.48498422588393
NaN,NaN,1.14314314314314,1.48455299376108
NaN,NaN,1.14514514514515,1.48411555998574
NaN,NaN,1.14714714714715,1.48367191907258
NaN,NaN,1.14914914914915,1.48322206545183
NaN,NaN,1.15115115115115,1.48276599346889
NaN,NaN,1.15315315315315,1.48230369738401
NaN,NaN,1.15515515515516,1.48183517137189
NaN,NaN,1.15715715715716,1.48136040952131
NaN,NaN,1.15915915915916,1.48087940583473
NaN,NaN,1.16116116116116,1.48039215422795
NaN,NaN,1.16316316316316,1.47989864852963
NaN,NaN,1.16516516516517,1.47939888248096
NaN,NaN,1.16716716716717,1.47889284973521
NaN,NaN,1.16916916916917,1.47838054385732
NaN,NaN,1.17117117117117,1.47786195832349
NaN,NaN,1.17317317317317,1.47733708652073
NaN,NaN,1.17517517517518,1.47680592174642
NaN,NaN,1.17717717717718,1.47626845720788
NaN,NaN,1.17917917917918,1.47572468602193
NaN,NaN,1.18118118118118,1.47517460121439
NaN,NaN,1.18318318318318,1.47461819571965
NaN,NaN,1.18518518518519,1.47405546238018
NaN,NaN,1.18718718718719,1.47348639394605
NaN,NaN,1.18918918918919,1.47291098307446
NaN,NaN,1.19119119119119,1.4723292223292
NaN,NaN,1.19319319319319,1.47174110418021
NaN,NaN,1.1951951951952,1.47114662100302
NaN,NaN,1.1971971971972,1.47054576507824
NaN,NaN,1.1991991991992,1.46993852859104
NaN,NaN,1.2012012012012,1.46932490363064
NaN,NaN,1.2032032032032,1.46870488218972
NaN,NaN,1.20520520520521,1.46807845616389
NaN,NaN,1.20720720720721,1.46744561735116
NaN,NaN,1.20920920920921,1.46680635745133
NaN,NaN,1.21121121121121,1.46616066806543
NaN,NaN,1.21321321321321,1.46550854069515
NaN,NaN,1.21521521521522,1.46484996674223
NaN,NaN,1.21721721721722,1.46418493750787
NaN,NaN,1.21921921921922,1.46351344419211
NaN,NaN,1.22122122122122,1.46283547789324
NaN,NaN,1.22322322322322,1.46215102960711
NaN,NaN,1.22522522522523,1.46146009022657
NaN,NaN,1.22722722722723,1.46076265054077
NaN,NaN,1.22922922922923,1.46005870123454
NaN,NaN,1.23123123123123,1.45934823288768
NaN,NaN,1.23323323323323,1.45863123597434
NaN,NaN,1.23523523523524,1.4579077008623
NaN,NaN,1.23723723723724,1.45717761781229
NaN,NaN,1.23923923923924,1.45644097697727
NaN,NaN,1.24124124124124,1.45569776840176
NaN,NaN,1.24324324324324,1.45494798202106
NaN,NaN,1.24524524524525,1.45419160766054
NaN,NaN,1.24724724724725,1.45342863503492
NaN,NaN,1.24924924924925,1.45265905374749
NaN,NaN,1.25125125125125,1.45188285328932
NaN,NaN,1.25325325325325,1.45110002303854
NaN,NaN,1.25525525525526,1.45031055225951
NaN,NaN,1.25725725725726,1.44951443010205
NaN,NaN,1.25925925925926,1.44871164560059
NaN,NaN,1.26126126126126,1.44790218767339
NaN,NaN,1.26326326326326,1.4470860451217
NaN,NaN,1.26526526526527,1.44626320662887
NaN,NaN,1.26726726726727,1.44543366075958
NaN,NaN,1.26926926926927,1.44459739595888
NaN,NaN,1.27127127127127,1.44375440055137
NaN,NaN,1.27327327327327,1.44290466274028
NaN,NaN,1.27527527527528,1.44204817060658
NaN,NaN,1.27727727727728,1.44118491210803
NaN,NaN,1.27927927927928,1.44031487507829
NaN,NaN,1.28128128128128,1.43943804722597
NaN,NaN,1.28328328328328,1.43855441613362
NaN,NaN,1.28528528528529,1.43766396925683
NaN,NaN,1.28728728728729,1.4367666939232
NaN,NaN,1.28928928928929,1.43586257733135
NaN,NaN,1.29129129129129,1.43495160654991
NaN,NaN,1.29329329329329,1.4340337685165
NaN,NaN,1.2952952952953,1.43310905003668
NaN,NaN,1.2972972972973,1.43217743778289
NaN,NaN,1.2992992992993,1.43123891829339
NaN,NaN,1.3013013013013,1.43029347797115
NaN,NaN,1.3033033033033,1.42934110308279
NaN,NaN,1.30530530530531,1.42838177975742
NaN,NaN,1.30730730730731,1.42741549398553
NaN,NaN,1.30930930930931,1.42644223161783
NaN,NaN,1.31131131131131,1.42546197836409
NaN,NaN,1.31331331331331,1.42447471979197
NaN,NaN,1.31531531531532,1.4234804413258
NaN,NaN,1.31731731731732,1.42247912824537
NaN,NaN,1.31931931931932,1.4214707656847
NaN,NaN,1.32132132132132,1.42045533863079
NaN,NaN,1.32332332332332,1.41943283192235
NaN,NaN,1.32532532532533,1.41840323024852
NaN,NaN,1.32732732732733,1.41736651814754
NaN,NaN,1.32932932932933,1.41632268000546
NaN,NaN,1.33133133133133,1.41527170005479
NaN,NaN,1.33333333333333,1.41421356237309
NaN,NaN,1.33533533533534,1.41314825088168
NaN,NaN,1.33733733733734,1.41207574934415
NaN,NaN,1.33933933933934,1.41099604136499
NaN,NaN,1.34134134134134,1.40990911038812
NaN,NaN,1.34334334334334,1.40881493969545
NaN,NaN,1.34534534534535,1.40771351240538
NaN,NaN,1.34734734734735,1.4066048114713
NaN,NaN,1.34934934934935,1.40548881968007
NaN,NaN,1.35135135135135,1.40436551965044
NaN,NaN,1.35335335335335,1.40323489383152
NaN,NaN,1.35535535535536,1.40209692450116
NaN,NaN,1.35735735735736,1.40095159376431
NaN,NaN,1.35935935935936,1.39979888355144
NaN,NaN,1.36136136136136,1.39863877561681
NaN,NaN,1.36336336336336,1.39747125153681
NaN,NaN,1.36536536536537,1.39629629270822
NaN,NaN,1.36736736736737,1.39511388034652
NaN,NaN,1.36936936936937,1.39392399548407
NaN,NaN,1.37137137137137,1.39272661896832
NaN,NaN,1.37337337337337,1.39152173146003
NaN,NaN,1.37537537537538,1.39030931343138
NaN,NaN,1.37737737737738,1.38908934516412
NaN,NaN,1.37937937937938,1.38786180674765
NaN,NaN,1.38138138138138,1.38662667807711
NaN,NaN,1.38338338338338,1.38538393885139
NaN,NaN,1.38538538538539,1.38413356857117
NaN,NaN,1.38738738738739,1.38287554653687
NaN,NaN,1.38938938938939,1.38160985184663
NaN,NaN,1.39139139139139,1.3803364633942
NaN,NaN,1.39339339339339,1.37905535986684
NaN,NaN,1.3953953953954,1.37776651974319
NaN,NaN,1.3973973973974,1.37646992129105
NaN,NaN,1.3993993993994,1.3751655425652
NaN,NaN,1.4014014014014,1.37385336140515
NaN,NaN,1.4034034034034,1.37253335543284
NaN,NaN,1.40540540540541,1.37120550205036
NaN,NaN,1.40740740740741,1.36986977843755
NaN,NaN,1.40940940940941,1.36852616154966
NaN,NaN,1.41141141141141,1.36717462811488
NaN,NaN,1.41341341341341,1.36581515463192
NaN,NaN,1.41541541541542,1.36444771736746
NaN,NaN,1.41741741741742,1.36307229235367
NaN,NaN,1.41941941941942,1.36168885538556
NaN,NaN,1.42142142142142,1.36029738201839
NaN,NaN,1.42342342342342,1.35889784756503
NaN,NaN,1.42542542542543,1.35749022709322
NaN,NaN,1.42742742742743,1.35607449542281
NaN,NaN,1.42942942942943,1.35465062712303
NaN,NaN,1.43143143143143,1.35321859650956
NaN,NaN,1.43343343343343,1.35177837764174
NaN,NaN,1.43543543543544,1.35032994431957
NaN,NaN,1.43743743743744,1.34887327008077
NaN,NaN,1.43943943943944,1.34740832819773
NaN,NaN,1.44144144144144,1.34593509167446
NaN,NaN,1.44344344344344,1.34445353324345
NaN,NaN,1.44544544544545,1.3429636253625
NaN,NaN,1.44744744744745,1.34146534021149
NaN,NaN,1.44944944944945,1.33995864968908
NaN,NaN,1.45145145145145,1.3384435254094
NaN,NaN,1.45345345345345,1.33691993869867
NaN,NaN,1.45545545545546,1.33538786059171
NaN,NaN,1.45745745745746,1.33384726182845
NaN,NaN,1.45945945945946,1.3322981128504
NaN,NaN,1.46146146146146,1.33074038379699
NaN,NaN,1.46346346346346,1.32917404450189
NaN,NaN,1.46546546546547,1.32759906448927
NaN,NaN,1.46746746746747,1.32601541297
NaN,NaN,1.46946946946947,1.32442305883774
NaN,NaN,1.47147147147147,1.32282197066506
NaN,NaN,1.47347347347347,1.32121211669935
NaN,NaN,1.47547547547548,1.31959346485881
NaN,NaN,1.47747747747748,1.31796598272828
NaN,NaN,1.47947947947948,1.31632963755501
NaN,NaN,1.48148148148148,1.31468439624436
NaN,NaN,1.48348348348348,1.31303022535546
NaN,NaN,1.48548548548549,1.31136709109676
NaN,NaN,1.48748748748749,1.30969495932147
NaN,NaN,1.48948948948949,1.30801379552299
NaN,NaN,1.49149149149149,1.30632356483025
NaN,NaN,1.49349349349349,1.30462423200287
NaN,NaN,1.4954954954955,1.30291576142637
NaN,NaN,1.4974974974975,1.30119811710722
NaN,NaN,1.4994994994995,1.2994712626678
NaN,NaN,1.5015015015015,1.29773516134126
NaN,NaN,1.5035035035035,1.29598977596635
NaN,NaN,1.50550550550551,1.29423506898212
NaN,NaN,1.50750750750751,1.29247100242246
NaN,NaN,1.50950950950951,1.29069753791065
NaN,NaN,1.51151151151151,1.28891463665373
NaN,NaN,1.51351351351351,1.28712225943683
NaN,NaN,1.51551551551552,1.2853203666173
NaN,NaN,1.51751751751752,1.28350891811886
NaN,NaN,1.51951951951952,1.28168787342549
NaN,NaN,1.52152152152152,1.27985719157538
NaN,NaN,1.52352352352352,1.27801683115459
NaN,NaN,1.52552552552553,1.2761667502907
NaN,NaN,1.52752752752753,1.27430690664634
NaN,NaN,1.52952952952953,1.27243725741253
NaN,NaN,1.53153153153153,1.27055775930196
NaN,NaN,1.53353353353353,1.26866836854209
NaN,NaN,1.53553553553554,1.26676904086815
NaN,NaN,1.53753753753754,1.26485973151598
NaN,NaN,1.53953953953954,1.26294039521479
NaN,NaN,1.54154154154154,1.26101098617967
NaN,NaN,1.54354354354354,1.25907145810406
NaN,NaN,1.54554554554555,1.25712176415202
NaN,NaN,1.54754754754755,1.25516185695033
NaN,NaN,1.54954954954955,1.2531916885805
NaN,NaN,1.55155155155155,1.25121121057055
NaN,NaN,1.55355355355355,1.24922037388666
NaN,NaN,1.55555555555556,1.24721912892465
NaN,NaN,1.55755755755756,1.24520742550128
NaN,NaN,1.55955955955956,1.24318521284538
NaN,NaN,1.56156156156156,1.24115243958879
NaN,NaN,1.56356356356356,1.23910905375716
NaN,NaN,1.56556556556557,1.23705500276044
NaN,NaN,1.56756756756757,1.23499023338334
NaN,NaN,1.56956956956957,1.23291469177545
NaN,NaN,1.57157157157157,1.23082832344125
NaN,NaN,1.57357357357357,1.22873107322985
NaN,NaN,1.57557557557558,1.22662288532454
NaN,NaN,1.57757757757758,1.2245037032321
NaN,NaN,1.57957957957958,1.22237346977195
NaN,NaN,1.58158158158158,1.22023212706493
NaN,NaN,1.58358358358358,1.21807961652202
NaN,NaN,1.58558558558559,1.21591587883265
NaN,NaN,1.58758758758759,1.21374085395287
NaN,NaN,1.58958958958959,1.21155448109322
NaN,NaN,1.59159159159159,1.20935669870629
NaN,NaN,1.59359359359359,1.20714744447414
NaN,NaN,1.5955955955956,1.20492665529527
NaN,NaN,1.5975975975976,1.20269426727143
NaN,NaN,1.5995995995996,1.2004502156941
NaN,NaN,1.6016016016016,1.19819443503063
NaN,NaN,1.6036036036036,1.19592685891014
NaN,NaN,1.60560560560561,1.19364742010901
NaN,NaN,1.60760760760761,1.19135605053614
NaN,NaN,1.60960960960961,1.18905268121776
NaN,NaN,1.61161161161161,1.18673724228203
NaN,NaN,1.61361361361361,1.18440966294315
NaN,NaN,1.61561561561562,1.18206987148517
NaN,NaN,1.61761761761762,1.17971779524544
NaN,NaN,1.61961961961962,1.17735336059761
NaN,NaN,1.62162162162162,1.17497649293428
NaN,NaN,1.62362362362362,1.17258711664921
NaN,NaN,1.62562562562563,1.17018515511915
NaN,NaN,1.62762762762763,1.16777053068514
NaN,NaN,1.62962962962963,1.1653431646335
NaN,NaN,1.63163163163163,1.16290297717622
NaN,NaN,1.63363363363363,1.16044988743096
NaN,NaN,1.63563563563564,1.15798381340055
NaN,NaN,1.63763763763764,1.15550467195194
NaN,NaN,1.63963963963964,1.15301237879468
NaN,NaN,1.64164164164164,1.15050684845884
NaN,NaN,1.64364364364364,1.14798799427239
NaN,NaN,1.64564564564565,1.145455728338
NaN,NaN,1.64764764764765,1.14290996150924
NaN,NaN,1.64964964964965,1.14035060336622
NaN,NaN,1.65165165165165,1.13777756219055
NaN,NaN,1.65365365365365,1.13519074493971
NaN,NaN,1.65565565565566,1.1325900572207
NaN,NaN,1.65765765765766,1.12997540326307
NaN,NaN,1.65965965965966,1.12734668589118
NaN,NaN,1.66166166166166,1.12470380649575
NaN,NaN,1.66366366366366,1.1220466650047
NaN,NaN,1.66566566566567,1.11937515985314
NaN,NaN,1.66766766766767,1.1166891879526
NaN,NaN,1.66966966966967,1.11398864465943
NaN,NaN,1.67167167167167,1.11127342374233
NaN,NaN,1.67367367367367,1.10854341734899
NaN,NaN,1.67567567567568,1.10579851597183
NaN,NaN,1.67767767767768,1.10303860841275
NaN,NaN,1.67967967967968,1.10026358174698
NaN,NaN,1.68168168168168,1.09747332128584
NaN,NaN,1.68368368368368,1.0946677105385
NaN,NaN,1.68568568568569,1.09184663117259
NaN,NaN,1.68768768768769,1.08900996297381
NaN,NaN,1.68968968968969,1.08615758380422
NaN,NaN,1.69169169169169,1.08328936955946
NaN,NaN,1.69369369369369,1.08040519412469
NaN,NaN,1.6956956956957,1.07750492932914
NaN,NaN,1.6976976976977,1.07458844489949
NaN,NaN,1.6996996996997,1.07165560841174
NaN,NaN,1.7017017017017,1.0687062852417
NaN,NaN,1.7037037037037,1.06574033851394
NaN,NaN,1.70570570570571,1.06275762904927
NaN,NaN,1.70770770770771,1.05975801531056
NaN,NaN,1.70970970970971,1.05674135334691
NaN,NaN,1.71171171171171,1.0537074967361
NaN,NaN,1.71371371371371,1.05065629652527
NaN,NaN,1.71571571571572,1.04758760116969
NaN,NaN,1.71771771771772,1.04450125646964
NaN,NaN,1.71971971971972,1.04139710550528
NaN,NaN,1.72172172172172,1.03827498856942
NaN,NaN,1.72372372372372,1.03513474309812
NaN,NaN,1.72572572572573,1.03197620359905
NaN,NaN,1.72772772772773,1.02879920157752
NaN,NaN,1.72972972972973,1.02560356546001
NaN,NaN,1.73173173173173,1.02238912051527
NaN,NaN,1.73373373373373,1.01915568877262
NaN,NaN,1.73573573573574,1.01590308893769
NaN,NaN,1.73773773773774,1.01263113630513
NaN,NaN,1.73973973973974,1.00933964266842
NaN,NaN,1.74174174174174,1.00602841622657
NaN,NaN,1.74374374374374,1.00269726148753
NaN,NaN,1.74574574574575,0.999345979168263
NaN,NaN,1.74774774774775,0.995974366091259
NaN,NaN,1.74974974974975,0.992582215077382
NaN,NaN,1.75175175175175,0.989169314834871
NaN,NaN,1.75375375375375,0.985735449844319
NaN,NaN,1.75575575575576,0.982280400239466
NaN,NaN,1.75775775775776,0.978803941683601
NaN,NaN,1.75975975975976,0.975305845241395
NaN,NaN,1.76176176176176,0.971785877245928
NaN,NaN,1.76376376376376,0.968243799160713
NaN,NaN,1.76576576576577,0.964679367436473
NaN,NaN,1.76776776776777,0.961092333362421
NaN,NaN,1.76976976976977,0.957482442911796
NaN,NaN,1.77177177177177,0.953849436581364
NaN,NaN,1.77377377377377,0.950193049224608
NaN,NaN,1.77577577577578,0.94651300987829
NaN,NaN,1.77777777777778,0.942809041582064
NaN,NaN,1.77977977977978,0.939080861190795
NaN,NaN,1.78178178178178,0.935328179179228
NaN,NaN,1.78378378378378,0.931550699438599
NaN,NaN,1.78578578578579,0.927748119064805
NaN,NaN,1.78778778778779,0.923920128137683
NaN,NaN,1.78978978978979,0.920066409490939
NaN,NaN,1.79179179179179,0.916186638472246
NaN,NaN,1.79379379379379,0.912280482692974
NaN,NaN,1.7957957957958,0.908347601767025
NaN,NaN,1.7977977977978,0.904387647038157
NaN,NaN,1.7997997997998,0.900400261295192
NaN,NaN,1.8018018018018,0.896385078474432
NaN,NaN,1.8038038038038,0.892341723348576
NaN,NaN,1.80580580580581,0.888269811201375
NaN,NaN,1.80780780780781,0.884168947487229
NaN,NaN,1.80980980980981,0.880038727474848
NaN,NaN,1.81181181181181,0.875878735874066
NaN,NaN,1.81381381381381,0.871688546444821
NaN,NaN,1.81581581581582,0.867467721587232
NaN,NaN,1.81781781781782,0.863215811911674
NaN,NaN,1.81981981981982,0.858932355787605
NaN,NaN,1.82182182182182,0.854616878869876
NaN,NaN,1.82382382382382,0.850268893601112
NaN,NaN,1.82582582582583,0.845887898688685
NaN,NaN,1.82782782782783,0.841473378554655
NaN,NaN,1.82982982982983,0.837024802756967
NaN,NaN,1.83183183183183,0.83254162538003
NaN,NaN,1.83383383383383,0.828023284392676
NaN,NaN,1.83583583583584,0.823469200971337
NaN,NaN,1.83783783783784,0.818878778786114
NaN,NaN,1.83983983983984,0.814251403247199
NaN,NaN,1.84184184184184,0.80958644070893
NaN,NaN,1.84384384384384,0.804883237628542
NaN,NaN,1.84584584584585,0.800141119676387
NaN,NaN,1.84784784784785,0.795359390794179
NaN,NaN,1.84984984984985,0.790537332197488
NaN,NaN,1.85185185185185,0.785674201318386
NaN,NaN,1.85385385385385,0.780769230683801
NaN,NaN,1.85585585585586,0.775821626724721
NaN,NaN,1.85785785785786,0.770830568510964
NaN,NaN,1.85985985985986,0.76579520640574
NaN,NaN,1.86186186186186,0.760714660633678
NaN,NaN,1.86386386386386,0.755588019755435
NaN,NaN,1.86586586586587,0.750414339041304
NaN,NaN,1.86786786786787,0.745192638735503
NaN,NaN,1.86986986986987,0.739921902202047
NaN,NaN,1.87187187187187,0.734601073942134
NaN,NaN,1.87387387387387,0.729229057472002
NaN,NaN,1.87587587587588,0.723804713049039
NaN,NaN,1.87787787787788,0.718326855232648
NaN,NaN,1.87987987987988,0.712794250264954
NaN,NaN,1.88188188188188,0.707205613254772
NaN,NaN,1.88388388388388,0.701559605146467
NaN,NaN,1.88588588588589,0.695854829453244
NaN,NaN,1.88788788788789,0.690089828732077
NaN,NaN,1.88988988988989,0.684263080774828
NaN,NaN,1.89189189189189,0.678372994487088
NaN,NaN,1.89389389389389,0.672417905422831
NaN,NaN,1.8958958958959,0.66639607093905
NaN,NaN,1.8978978978979,0.660305664930043
NaN,NaN,1.8998998998999,0.654144772095855
NaN,NaN,1.9019019019019,0.647911381693436
NaN,NaN,1.9039039039039,0.641603380712247
NaN,NaN,1.90590590590591,0.635218546408085
NaN,NaN,1.90790790790791,0.62875453811972
NaN,NaN,1.90990990990991,0.622208888282234
NaN,NaN,1.91191191191191,0.615578992538418
NaN,NaN,1.91391391391391,0.608862098834983
NaN,NaN,1.91591591591592,0.602055295373104
NaN,NaN,1.91791791791792,0.595155497262503
NaN,NaN,1.91991991991992,0.588159431704268
NaN,NaN,1.92192192192192,0.581063621498995
NaN,NaN,1.92392392392392,0.573864366642758
NaN,NaN,1.92592592592593,0.566557723732532
NaN,NaN,1.92792792792793,0.559139482853438
NaN,NaN,1.92992992992993,0.551605141560664
NaN,NaN,1.93193193193193,0.543949875496482
NaN,NaN,1.93393393393393,0.536168505094289
NaN,NaN,1.93593593593594,0.528255457712818
NaN,NaN,1.93793793793794,0.520204724409188
NaN,NaN,1.93993993993994,0.512009810392174
NaN,NaN,1.94194194194194,0.503663677987551
NaN,NaN,1.94394394394394,0.495158680683267
NaN,NaN,1.94594594594595,0.486486486486486
NaN,NaN,1.94794794794795,0.477637988394838
NaN,NaN,1.94994994994995,0.468603199229046
NaN,NaN,1.95195195195195,0.459371127350701
NaN,NaN,1.95395395395395,0.44992962883671
NaN,NaN,1.95595595595596,0.44026523041543
NaN,NaN,1.95795795795796,0.430362915765628
NaN,NaN,1.95995995995996,0.420205865458542
NaN,NaN,1.96196196196196,0.409775137619596
NaN,NaN,1.96396396396396,0.3990492718982
NaN,NaN,1.96596596596597,0.388003792945038
NaN,NaN,1.96796796796797,0.376610580338519
NaN,NaN,1.96996996996997,0.36483705822192
NaN,NaN,1.97197197197197,0.352645137251404
NaN,NaN,1.97397397397397,0.339989809476734
NaN,NaN,1.97597597597598,0.326817245895802
NaN,NaN,1.97797797797798,0.313062162881012
NaN,NaN,1.97997997997998,0.298644081452296
NaN,NaN,1.98198198198198,0.283461850856798
NaN,NaN,1.98398398398398,0.267385336811437
NaN,NaN,1.98598598598599,0.250242242114109
NaN,NaN,1.98798798798799,0.231796041986821
NaN,NaN,1.98998998998999,0.211706387171346
NaN,NaN,1.99199199199199,0.189451174721772
NaN,NaN,1.99399399399399,0.16415195638098
NaN,NaN,1.995995995996,0.134096778148744
NaN,NaN,1.997997997998,0.0948682822758623
NaN,NaN,2,0
