0,3,0,3
0.001,2.9553,0.001,3.0447
0.002,2.9368,0.002,3.0632
0.003,2.9226,0.003,3.0774
0.004,2.9106,0.004,3.0894
0.005,2.9001,0.005,3.0999
0.006,2.8906,0.006,3.1094
0.007,2.8819,0.007,3.1181
0.008,2.8738,0.008,3.1262
0.009,2.8661,0.009,3.1339
0.01,2.8589,0.01,3.1411
0.011,2.8521,0.011,3.1479
0.012,2.8455,0.012,3.1545
0.013,2.8393,0.013,3.1607
0.014,2.8333,0.014,3.1667
0.015,2.8274,0.015,3.1726
0.016,2.8218,0.016,3.1782
0.017,2.8164,0.017,3.1836
0.018,2.8111,0.018,3.1889
0.019,2.806,0.019,3.194
0.02,2.801,0.02,3.199
0.021,2.7961,0.021,3.2039
0.022,2.7914,0.022,3.2086
0.023,2.7868,0.023,3.2132
0.024,2.7822,0.024,3.2178
0.025,2.7778,0.025,3.2222
0.026,2.7735,0.026,3.2265
0.027,2.7692,0.027,3.2308
0.028,2.765,0.028,3.235
0.029,2.7609,0.029,3.2391
0.03,2.7569,0.03,3.2431
0.031,2.7529,0.031,3.2471
0.032,2.749,0.032,3.251
0.033,2.7452,0.033,3.2548
0.034,2.7415,0.034,3.2585
0.035,2.7378,0.035,3.2622
0.036,2.7341,0.036,3.2659
0.037,2.7305,0.037,3.2695
0.038,2.727,0.038,3.273
0.039,2.7235,0.039,3.2765
0.04,2.72,0.04,3.28
0.041,2.7166,0.041,3.2834
0.042,2.7132,0.042,3.2868
0.043,2.7099,0.043,3.2901
0.044,2.7066,0.044,3.2934
0.045,2.7034,0.045,3.2966
0.046,2.7002,0.046,3.2998
0.047,2.697,0.047,3.303
0.048,2.6939,0.048,3.3061
0.049,2.6908,0.049,3.3092
0.05,2.6878,0.05,3.3122
0.051,2.6847,0.051,3.3153
0.052,2.6817,0.052,3.3183
0.053,2.6788,0.053,3.3212
0.054,2.6758,0.054,3.3242
0.055,2.6729,0.055,3.3271
0.056,2.6701,0.056,3.3299
0.057,2.6672,0.057,3.3328
0.058,2.6644,0.058,3.3356
0.059,2.6616,0.059,3.3384
0.06,2.6588,0.06,3.3412
0.061,2.6561,0.061,3.3439
0.062,2.6534,0.062,3.3466
0.063,2.6507,0.063,3.3493
0.064,2.648,0.064,3.352
0.065,2.6454,0.065,3.3546
0.066,2.6427,0.066,3.3573
0.067,2.6401,0.067,3.3599
0.068,2.6375,0.068,3.3625
0.069,2.635,0.069,3.365
0.07,2.6324,0.07,3.3676
0.071,2.6299,0.071,3.3701
0.072,2.6274,0.072,3.3726
0.073,2.6249,0.073,3.3751
0.074,2.6225,0.074,3.3775
0.075,2.62,0.075,3.38
0.076,2.6176,0.076,3.3824
0.077,2.6152,0.077,3.3848
0.078,2.6128,0.078,3.3872
0.079,2.6104,0.079,3.3896
0.08,2.6081,0.08,3.3919
0.081,2.6057,0.081,3.3943
0.082,2.6034,0.082,3.3966
0.083,2.6011,0.083,3.3989
0.084,2.5988,0.084,3.4012
0.085,2.5965,0.085,3.4035
0.086,2.5943,0.086,3.4057
0.087,2.592,0.087,3.408
0.088,2.5898,0.088,3.4102
0.089,2.5876,0.089,3.4124
0.09,2.5854,0.09,3.4146
0.091,2.5832,0.091,3.4168
0.092,2.581,0.092,3.419
0.093,2.5789,0.093,3.4211
0.094,2.5767,0.094,3.4233
0.095,2.5746,0.095,3.4254
0.096,2.5725,0.096,3.4275
0.097,2.5704,0.097,3.4296
0.098,2.5683,0.098,3.4317
0.099,2.5662,0.099,3.4338
0.1,2.5641,0.1,3.4359
0.101,2.5621,0.101,3.4379
0.102,2.56,0.102,3.44
0.103,2.558,0.103,3.442
0.104,2.5559,0.104,3.4441
0.105,2.5539,0.105,3.4461
0.106,2.5519,0.106,3.4481
0.107,2.5499,0.107,3.4501
0.108,2.548,0.108,3.452
0.109,2.546,0.109,3.454
0.11,2.544,0.11,3.456
0.111,2.5421,0.111,3.4579
0.112,2.5402,0.112,3.4598
0.113,2.5382,0.113,3.4618
0.114,2.5363,0.114,3.4637
0.115,2.5344,0.115,3.4656
0.116,2.5325,0.116,3.4675
0.117,2.5306,0.117,3.4694
0.118,2.5288,0.118,3.4712
0.119,2.5269,0.119,3.4731
0.12,2.525,0.12,3.475
0.121,2.5232,0.121,3.4768
0.122,2.5213,0.122,3.4787
0.123,2.5195,0.123,3.4805
0.124,2.5177,0.124,3.4823
0.125,2.5159,0.125,3.4841
0.126,2.5141,0.126,3.4859
0.127,2.5123,0.127,3.4877
0.128,2.5105,0.128,3.4895
0.129,2.5087,0.129,3.4913
0.13,2.5069,0.13,3.4931
0.131,2.5052,0.131,3.4948
0.132,2.5034,0.132,3.4966
0.133,2.5017,0.133,3.4983
0.134,2.5,0.134,3.5
0.135,2.4982,0.135,3.5018
0.136,2.4965,0.136,3.5035
0.137,2.4948,0.137,3.5052
0.138,2.4931,0.138,3.5069
0.139,2.4914,0.139,3.5086
0.14,2.4897,0.14,3.5103
0.141,2.488,0.141,3.512
0.142,2.4864,0.142,3.5136
0.143,2.4847,0.143,3.5153
0.144,2.483,0.144,3.517
0.145,2.4814,0.145,3.5186
0.146,2.4797,0.146,3.5203
0.147,2.4781,0.147,3.5219
0.148,2.4765,0.148,3.5235
0.149,2.4748,0.149,3.5252
0.15,2.4732,0.15,3.5268
0.151,2.4716,0.151,3.5284
0.152,2.47,0.152,3.53
0.153,2.4684,0.153,3.5316
0.154,2.4668,0.154,3.5332
0.155,2.4652,0.155,3.5348
0.156,2.4637,0.156,3.5363
0.157,2.4621,0.157,3.5379
0.158,2.4605,0.158,3.5395
0.159,2.459,0.159,3.541
0.16,2.4574,0.16,3.5426
0.161,2.4559,0.161,3.5441
0.162,2.4543,0.162,3.5457
0.163,2.4528,0.163,3.5472
0.164,2.4513,0.164,3.5487
0.165,2.4498,0.165,3.5502
0.166,2.4482,0.166,3.5518
0.167,2.4467,0.167,3.5533
0.168,2.4452,0.168,3.5548
0.169,2.4437,0.169,3.5563
0.17,2.4422,0.17,3.5578
0.171,2.4408,0.171,3.5592
0.172,2.4393,0.172,3.5607
0.173,2.4378,0.173,3.5622
0.174,2.4363,0.174,3.5637
0.175,2.4349,0.175,3.5651
0.176,2.4334,0.176,3.5666
0.177,2.432,0.177,3.568
0.178,2.4305,0.178,3.5695
0.179,2.4291,0.179,3.5709
0.18,2.4276,0.18,3.5724
0.181,2.4262,0.181,3.5738
0.182,2.4248,0.182,3.5752
0.183,2.4234,0.183,3.5766
0.184,2.4219,0.184,3.5781
0.185,2.4205,0.185,3.5795
0.186,2.4191,0.186,3.5809
0.187,2.4177,0.187,3.5823
0.188,2.4163,0.188,3.5837
0.189,2.415,0.189,3.585
0.19,2.4136,0.19,3.5864
0.191,2.4122,0.191,3.5878
0.192,2.4108,0.192,3.5892
0.193,2.4094,0.193,3.5906
0.194,2.4081,0.194,3.5919
0.195,2.4067,0.195,3.5933
0.196,2.4054,0.196,3.5946
0.197,2.404,0.197,3.596
0.198,2.4027,0.198,3.5973
0.199,2.4013,0.199,3.5987
0.2,2.4,0.2,3.6
0.201,2.3987,0.201,3.6013
0.202,2.3973,0.202,3.6027
0.203,2.396,0.203,3.604
0.204,2.3947,0.204,3.6053
0.205,2.3934,0.205,3.6066
0.206,2.3921,0.206,3.6079
0.207,2.3908,0.207,3.6092
0.208,2.3895,0.208,3.6105
0.209,2.3882,0.209,3.6118
0.21,2.3869,0.21,3.6131
0.211,2.3856,0.211,3.6144
0.212,2.3843,0.212,3.6157
0.213,2.383,0.213,3.617
0.214,2.3818,0.214,3.6182
0.215,2.3805,0.215,3.6195
0.216,2.3792,0.216,3.6208
0.217,2.378,0.217,3.622
0.218,2.3767,0.218,3.6233
0.219,2.3755,0.219,3.6245
0.22,2.3742,0.22,3.6258
0.221,2.373,0.221,3.627
0.222,2.3717,0.222,3.6283
0.223,2.3705,0.223,3.6295
0.224,2.3693,0.224,3.6307
0.225,2.368,0.225,3.632
0.226,2.3668,0.226,3.6332
0.227,2.3656,0.227,3.6344
0.228,2.3644,0.228,3.6356
0.229,2.3632,0.229,3.6368
0.23,2.362,0.23,3.638
0.231,2.3608,0.231,3.6392
0.232,2.3596,0.232,3.6404
0.233,2.3584,0.233,3.6416
0.234,2.3572,0.234,3.6428
0.235,2.356,0.235,3.644
0.236,2.3548,0.236,3.6452
0.237,2.3536,0.237,3.6464
0.238,2.3524,0.238,3.6476
0.239,2.3512,0.239,3.6488
0.24,2.3501,0.24,3.6499
0.241,2.3489,0.241,3.6511
0.242,2.3477,0.242,3.6523
0.243,2.3466,0.243,3.6534
0.244,2.3454,0.244,3.6546
0.245,2.3443,0.245,3.6557
0.246,2.3431,0.246,3.6569
0.247,2.342,0.247,3.658
0.248,2.3408,0.248,3.6592
0.249,2.3397,0.249,3.6603
0.25,2.3386,0.25,3.6614
0.251,2.3374,0.251,3.6626
0.252,2.3363,0.252,3.6637
0.253,2.3352,0.253,3.6648
0.254,2.3341,0.254,3.6659
0.255,2.3329,0.255,3.6671
0.256,2.3318,0.256,3.6682
0.257,2.3307,0.257,3.6693
0.258,2.3296,0.258,3.6704
0.259,2.3285,0.259,3.6715
0.26,2.3274,0.26,3.6726
0.261,2.3263,0.261,3.6737
0.262,2.3252,0.262,3.6748
0.263,2.3241,0.263,3.6759
0.264,2.323,0.264,3.677
0.265,2.3219,0.265,3.6781
0.266,2.3209,0.266,3.6791
0.267,2.3198,0.267,3.6802
0.268,2.3187,0.268,3.6813
0.269,2.3176,0.269,3.6824
0.27,2.3166,0.27,3.6834
0.271,2.3155,0.271,3.6845
0.272,2.3144,0.272,3.6856
0.273,2.3134,0.273,3.6866
0.274,2.3123,0.274,3.6877
0.275,2.3113,0.275,3.6887
0.276,2.3102,0.276,3.6898
0.277,2.3092,0.277,3.6908
0.278,2.3081,0.278,3.6919
0.279,2.3071,0.279,3.6929
0.28,2.306,0.28,3.694
0.281,2.305,0.281,3.695
0.282,2.304,0.282,3.696
0.283,2.3029,0.283,3.6971
0.284,2.3019,0.284,3.6981
0.285,2.3009,0.285,3.6991
0.286,2.2999,0.286,3.7001
0.287,2.2988,0.287,3.7012
0.288,2.2978,0.288,3.7022
0.289,2.2968,0.289,3.7032
0.29,2.2958,0.29,3.7042
0.291,2.2948,0.291,3.7052
0.292,2.2938,0.292,3.7062
0.293,2.2928,0.293,3.7072
0.294,2.2918,0.294,3.7082
0.295,2.2908,0.295,3.7092
0.296,2.2898,0.296,3.7102
0.297,2.2888,0.297,3.7112
0.298,2.2878,0.298,3.7122
0.299,2.2868,0.299,3.7132
0.3,2.2859,0.3,3.7141
0.301,2.2849,0.301,3.7151
0.302,2.2839,0.302,3.7161
0.303,2.2829,0.303,3.7171
0.304,2.282,0.304,3.718
0.305,2.281,0.305,3.719
0.306,2.28,0.306,3.72
0.307,2.2791,0.307,3.7209
0.308,2.2781,0.308,3.7219
0.309,2.2771,0.309,3.7229
0.31,2.2762,0.31,3.7238
0.311,2.2752,0.311,3.7248
0.312,2.2743,0.312,3.7257
0.313,2.2733,0.313,3.7267
0.314,2.2724,0.314,3.7276
0.315,2.2715,0.315,3.7285
0.316,2.2705,0.316,3.7295
0.317,2.2696,0.317,3.7304
0.318,2.2686,0.318,3.7314
0.319,2.2677,0.319,3.7323
0.32,2.2668,0.32,3.7332
0.321,2.2659,0.321,3.7341
0.322,2.2649,0.322,3.7351
0.323,2.264,0.323,3.736
0.324,2.2631,0.324,3.7369
0.325,2.2622,0.325,3.7378
0.326,2.2613,0.326,3.7387
0.327,2.2604,0.327,3.7396
0.328,2.2594,0.328,3.7406
0.329,2.2585,0.329,3.7415
0.33,2.2576,0.33,3.7424
0.331,2.2567,0.331,3.7433
0.332,2.2558,0.332,3.7442
0.333,2.2549,0.333,3.7451
0.334,2.254,0.334,3.746
0.335,2.2532,0.335,3.7468
0.336,2.2523,0.336,3.7477
0.337,2.2514,0.337,3.7486
0.338,2.2505,0.338,3.7495
0.339,2.2496,0.339,3.7504
0.34,2.2487,0.34,3.7513
0.341,2.2479,0.341,3.7521
0.342,2.247,0.342,3.753
0.343,2.2461,0.343,3.7539
0.344,2.2452,0.344,3.7548
0.345,2.2444,0.345,3.7556
0.346,2.2435,0.346,3.7565
0.347,2.2426,0.347,3.7574
0.348,2.2418,0.348,3.7582
0.349,2.2409,0.349,3.7591
0.35,2.2401,0.35,3.7599
0.351,2.2392,0.351,3.7608
0.352,2.2384,0.352,3.7616
0.353,2.2375,0.353,3.7625
0.354,2.2367,0.354,3.7633
0.355,2.2358,0.355,3.7642
0.356,2.235,0.356,3.765
0.357,2.2341,0.357,3.7659
0.358,2.2333,0.358,3.7667
0.359,2.2325,0.359,3.7675
0.36,2.2316,0.36,3.7684
0.361,2.2308,0.361,3.7692
0.362,2.23,0.362,3.77
0.363,2.2291,0.363,3.7709
0.364,2.2283,0.364,3.7717
0.365,2.2275,0.365,3.7725
0.366,2.2267,0.366,3.7733
0.367,2.2258,0.367,3.7742
0.368,2.225,0.368,3.775
0.369,2.2242,0.369,3.7758
0.37,2.2234,0.37,3.7766
0.371,2.2226,0.371,3.7774
0.372,2.2218,0.372,3.7782
0.373,2.221,0.373,3.779
0.374,2.2202,0.374,3.7798
0.375,2.2194,0.375,3.7806
0.376,2.2186,0.376,3.7814
0.377,2.2178,0.377,3.7822
0.378,2.217,0.378,3.783
0.379,2.2162,0.379,3.7838
0.38,2.2154,0.38,3.7846
0.381,2.2146,0.381,3.7854
0.382,2.2138,0.382,3.7862
0.383,2.213,0.383,3.787
0.384,2.2123,0.384,3.7877
0.385,2.2115,0.385,3.7885
0.386,2.2107,0.386,3.7893
0.387,2.2099,0.387,3.7901
0.388,2.2091,0.388,3.7909
0.389,2.2084,0.389,3.7916
0.39,2.2076,0.39,3.7924
0.391,2.2068,0.391,3.7932
0.392,2.2061,0.392,3.7939
0.393,2.2053,0.393,3.7947
0.394,2.2045,0.394,3.7955
0.395,2.2038,0.395,3.7962
0.396,2.203,0.396,3.797
0.397,2.2023,0.397,3.7977
0.398,2.2015,0.398,3.7985
0.399,2.2008,0.399,3.7992
0.4,2.2,0.4,3.8
0.401,2.1993,0.401,3.8007
0.402,2.1985,0.402,3.8015
0.403,2.1978,0.403,3.8022
0.404,2.197,0.404,3.803
0.405,2.1963,0.405,3.8037
0.406,2.1955,0.406,3.8045
0.407,2.1948,0.407,3.8052
0.408,2.1941,0.408,3.8059
0.409,2.1933,0.409,3.8067
0.41,2.1926,0.41,3.8074
0.411,2.1919,0.411,3.8081
0.412,2.1911,0.412,3.8089
0.413,2.1904,0.413,3.8096
0.414,2.1897,0.414,3.8103
0.415,2.189,0.415,3.811
0.416,2.1882,0.416,3.8118
0.417,2.1875,0.417,3.8125
0.418,2.1868,0.418,3.8132
0.419,2.1861,0.419,3.8139
0.42,2.1854,0.42,3.8146
0.421,2.1847,0.421,3.8153
0.422,2.184,0.422,3.816
0.423,2.1833,0.423,3.8167
0.424,2.1826,0.424,3.8174
0.425,2.1818,0.425,3.8182
0.426,2.1811,0.426,3.8189
0.427,2.1804,0.427,3.8196
0.428,2.1797,0.428,3.8203
0.429,2.179,0.429,3.821
0.43,2.1784,0.43,3.8216
0.431,2.1777,0.431,3.8223
0.432,2.177,0.432,3.823
0.433,2.1763,0.433,3.8237
0.434,2.1756,0.434,3.8244
0.435,2.1749,0.435,3.8251
0.436,2.1742,0.436,3.8258
0.437,2.1735,0.437,3.8265
0.438,2.1729,0.438,3.8271
0.439,2.1722,0.439,3.8278
0.44,2.1715,0.44,3.8285
0.441,2.1708,0.441,3.8292
0.442,2.1702,0.442,3.8298
0.443,2.1695,0.443,3.8305
0.444,2.1688,0.444,3.8312
0.445,2.1681,0.445,3.8319
0.446,2.1675,0.446,3.8325
0.447,2.1668,0.447,3.8332
0.448,2.1662,0.448,3.8338
0.449,2.1655,0.449,3.8345
0.45,2.1648,0.45,3.8352
0.451,2.1642,0.451,3.8358
0.452,2.1635,0.452,3.8365
0.453,2.1629,0.453,3.8371
0.454,2.1622,0.454,3.8378
0.455,2.1616,0.455,3.8384
0.456,2.1609,0.456,3.8391
0.457,2.1603,0.457,3.8397
0.458,2.1596,0.458,3.8404
0.459,2.159,0.459,3.841
0.46,2.1583,0.46,3.8417
0.461,2.1577,0.461,3.8423
0.462,2.1571,0.462,3.8429
0.463,2.1564,0.463,3.8436
0.464,2.1558,0.464,3.8442
0.465,2.1551,0.465,3.8449
0.466,2.1545,0.466,3.8455
0.467,2.1539,0.467,3.8461
0.468,2.1533,0.468,3.8467
0.469,2.1526,0.469,3.8474
0.47,2.152,0.47,3.848
0.471,2.1514,0.471,3.8486
0.472,2.1508,0.472,3.8492
0.473,2.1501,0.473,3.8499
0.474,2.1495,0.474,3.8505
0.475,2.1489,0.475,3.8511
0.476,2.1483,0.476,3.8517
0.477,2.1477,0.477,3.8523
0.478,2.1471,0.478,3.8529
0.479,2.1464,0.479,3.8536
0.48,2.1458,0.48,3.8542
0.481,2.1452,0.481,3.8548
0.482,2.1446,0.482,3.8554
0.483,2.144,0.483,3.856
0.484,2.1434,0.484,3.8566
0.485,2.1428,0.485,3.8572
0.486,2.1422,0.486,3.8578
0.487,2.1416,0.487,3.8584
0.488,2.141,0.488,3.859
0.489,2.1404,0.489,3.8596
0.49,2.1398,0.49,3.8602
0.491,2.1392,0.491,3.8608
0.492,2.1386,0.492,3.8614
0.493,2.1381,0.493,3.8619
0.494,2.1375,0.494,3.8625
0.495,2.1369,0.495,3.8631
0.496,2.1363,0.496,3.8637
0.497,2.1357,0.497,3.8643
0.498,2.1351,0.498,3.8649
0.499,2.1346,0.499,3.8654
0.5,2.134,0.5,3.866
0.501,2.1334,0.501,3.8666
0.502,2.1328,0.502,3.8672
0.503,2.1322,0.503,3.8678
0.504,2.1317,0.504,3.8683
0.505,2.1311,0.505,3.8689
0.506,2.1305,0.506,3.8695
0.507,2.13,0.507,3.87
0.508,2.1294,0.508,3.8706
0.509,2.1288,0.509,3.8712
0.51,2.1283,0.51,3.8717
0.511,2.1277,0.511,3.8723
0.512,2.1272,0.512,3.8728
0.513,2.1266,0.513,3.8734
0.514,2.126,0.514,3.874
0.515,2.1255,0.515,3.8745
0.516,2.1249,0.516,3.8751
0.517,2.1244,0.517,3.8756
0.518,2.1238,0.518,3.8762
0.519,2.1233,0.519,3.8767
0.52,2.1227,0.52,3.8773
0.521,2.1222,0.521,3.8778
0.522,2.1216,0.522,3.8784
0.523,2.1211,0.523,3.8789
0.524,2.1206,0.524,3.8794
0.525,2.12,0.525,3.88
0.526,2.1195,0.526,3.8805
0.527,2.1189,0.527,3.8811
0.528,2.1184,0.528,3.8816
0.529,2.1179,0.529,3.8821
0.53,2.1173,0.53,3.8827
0.531,2.1168,0.531,3.8832
0.532,2.1163,0.532,3.8837
0.533,2.1157,0.533,3.8843
0.534,2.1152,0.534,3.8848
0.535,2.1147,0.535,3.8853
0.536,2.1142,0.536,3.8858
0.537,2.1136,0.537,3.8864
0.538,2.1131,0.538,3.8869
0.539,2.1126,0.539,3.8874
0.54,2.1121,0.54,3.8879
0.541,2.1116,0.541,3.8884
0.542,2.111,0.542,3.889
0.543,2.1105,0.543,3.8895
0.544,2.11,0.544,3.89
0.545,2.1095,0.545,3.8905
0.546,2.109,0.546,3.891
0.547,2.1085,0.547,3.8915
0.548,2.108,0.548,3.892
0.549,2.1075,0.549,3.8925
0.55,2.107,0.55,3.893
0.551,2.1065,0.551,3.8935
0.552,2.106,0.552,3.894
0.553,2.1055,0.553,3.8945
0.554,2.105,0.554,3.895
0.555,2.1045,0.555,3.8955
0.556,2.104,0.556,3.896
0.557,2.1035,0.557,3.8965
0.558,2.103,0.558,3.897
0.559,2.1025,0.559,3.8975
0.56,2.102,0.56,3.898
0.561,2.1015,0.561,3.8985
0.562,2.101,0.562,3.899
0.563,2.1005,0.563,3.8995
0.564,2.1001,0.564,3.8999
0.565,2.0996,0.565,3.9004
0.566,2.0991,0.566,3.9009
0.567,2.0986,0.567,3.9014
0.568,2.0981,0.568,3.9019
0.569,2.0976,0.569,3.9024
0.57,2.0972,0.57,3.9028
0.571,2.0967,0.571,3.9033
0.572,2.0962,0.572,3.9038
0.573,2.0957,0.573,3.9043
0.574,2.0953,0.574,3.9047
0.575,2.0948,0.575,3.9052
0.576,2.0943,0.576,3.9057
0.577,2.0939,0.577,3.9061
0.578,2.0934,0.578,3.9066
0.579,2.0929,0.579,3.9071
0.58,2.0925,0.58,3.9075
0.581,2.092,0.581,3.908
0.582,2.0916,0.582,3.9084
0.583,2.0911,0.583,3.9089
0.584,2.0906,0.584,3.9094
0.585,2.0902,0.585,3.9098
0.586,2.0897,0.586,3.9103
0.587,2.0893,0.587,3.9107
0.588,2.0888,0.588,3.9112
0.589,2.0884,0.589,3.9116
0.59,2.0879,0.59,3.9121
0.591,2.0875,0.591,3.9125
0.592,2.087,0.592,3.913
0.593,2.0866,0.593,3.9134
0.594,2.0861,0.594,3.9139
0.595,2.0857,0.595,3.9143
0.596,2.0852,0.596,3.9148
0.597,2.0848,0.597,3.9152
0.598,2.0844,0.598,3.9156
0.599,2.0839,0.599,3.9161
0.6,2.0835,0.6,3.9165
0.601,2.083,0.601,3.917
0.602,2.0826,0.602,3.9174
0.603,2.0822,0.603,3.9178
0.604,2.0817,0.604,3.9183
0.605,2.0813,0.605,3.9187
0.606,2.0809,0.606,3.9191
0.607,2.0805,0.607,3.9195
0.608,2.08,0.608,3.92
0.609,2.0796,0.609,3.9204
0.61,2.0792,0.61,3.9208
0.611,2.0788,0.611,3.9212
0.612,2.0783,0.612,3.9217
0.613,2.0779,0.613,3.9221
0.614,2.0775,0.614,3.9225
0.615,2.0771,0.615,3.9229
0.616,2.0767,0.616,3.9233
0.617,2.0763,0.617,3.9237
0.618,2.0758,0.618,3.9242
0.619,2.0754,0.619,3.9246
0.62,2.075,0.62,3.925
0.621,2.0746,0.621,3.9254
0.622,2.0742,0.622,3.9258
0.623,2.0738,0.623,3.9262
0.624,2.0734,0.624,3.9266
0.625,2.073,0.625,3.927
0.626,2.0726,0.626,3.9274
0.627,2.0722,0.627,3.9278
0.628,2.0718,0.628,3.9282
0.629,2.0714,0.629,3.9286
0.63,2.071,0.63,3.929
0.631,2.0706,0.631,3.9294
0.632,2.0702,0.632,3.9298
0.633,2.0698,0.633,3.9302
0.634,2.0694,0.634,3.9306
0.635,2.069,0.635,3.931
0.636,2.0686,0.636,3.9314
0.637,2.0682,0.637,3.9318
0.638,2.0678,0.638,3.9322
0.639,2.0674,0.639,3.9326
0.64,2.067,0.64,3.933
0.641,2.0667,0.641,3.9333
0.642,2.0663,0.642,3.9337
0.643,2.0659,0.643,3.9341
0.644,2.0655,0.644,3.9345
0.645,2.0651,0.645,3.9349
0.646,2.0648,0.646,3.9352
0.647,2.0644,0.647,3.9356
0.648,2.064,0.648,3.936
0.649,2.0636,0.649,3.9364
0.65,2.0633,0.65,3.9367
0.651,2.0629,0.651,3.9371
0.652,2.0625,0.652,3.9375
0.653,2.0621,0.653,3.9379
0.654,2.0618,0.654,3.9382
0.655,2.0614,0.655,3.9386
0.656,2.061,0.656,3.939
0.657,2.0607,0.657,3.9393
0.658,2.0603,0.658,3.9397
0.659,2.0599,0.659,3.9401
0.66,2.0596,0.66,3.9404
0.661,2.0592,0.661,3.9408
0.662,2.0589,0.662,3.9411
0.663,2.0585,0.663,3.9415
0.664,2.0581,0.664,3.9419
0.665,2.0578,0.665,3.9422
0.666,2.0574,0.666,3.9426
0.667,2.0571,0.667,3.9429
0.668,2.0567,0.668,3.9433
0.669,2.0564,0.669,3.9436
0.67,2.056,0.67,3.944
0.671,2.0557,0.671,3.9443
0.672,2.0553,0.672,3.9447
0.673,2.055,0.673,3.945
0.674,2.0546,0.674,3.9454
0.675,2.0543,0.675,3.9457
0.676,2.0539,0.676,3.9461
0.677,2.0536,0.677,3.9464
0.678,2.0533,0.678,3.9467
0.679,2.0529,0.679,3.9471
0.68,2.0526,0.68,3.9474
0.681,2.0522,0.681,3.9478
0.682,2.0519,0.682,3.9481
0.683,2.0516,0.683,3.9484
0.684,2.0512,0.684,3.9488
0.685,2.0509,0.685,3.9491
0.686,2.0506,0.686,3.9494
0.687,2.0502,0.687,3.9498
0.688,2.0499,0.688,3.9501
0.689,2.0496,0.689,3.9504
0.69,2.0493,0.69,3.9507
0.691,2.0489,0.691,3.9511
0.692,2.0486,0.692,3.9514
0.693,2.0483,0.693,3.9517
0.694,2.048,0.694,3.952
0.695,2.0476,0.695,3.9524
0.696,2.0473,0.696,3.9527
0.697,2.047,0.697,3.953
0.698,2.0467,0.698,3.9533
0.699,2.0464,0.699,3.9536
0.7,2.0461,0.7,3.9539
0.701,2.0457,0.701,3.9543
0.702,2.0454,0.702,3.9546
0.703,2.0451,0.703,3.9549
0.704,2.0448,0.704,3.9552
0.705,2.0445,0.705,3.9555
0.706,2.0442,0.706,3.9558
0.707,2.0439,0.707,3.9561
0.708,2.0436,0.708,3.9564
0.709,2.0433,0.709,3.9567
0.71,2.043,0.71,3.957
0.711,2.0427,0.711,3.9573
0.712,2.0424,0.712,3.9576
0.713,2.0421,0.713,3.9579
0.714,2.0418,0.714,3.9582
0.715,2.0415,0.715,3.9585
0.716,2.0412,0.716,3.9588
0.717,2.0409,0.717,3.9591
0.718,2.0406,0.718,3.9594
0.719,2.0403,0.719,3.9597
0.72,2.04,0.72,3.96
0.721,2.0397,0.721,3.9603
0.722,2.0394,0.722,3.9606
0.723,2.0391,0.723,3.9609
0.724,2.0388,0.724,3.9612
0.725,2.0386,0.725,3.9614
0.726,2.0383,0.726,3.9617
0.727,2.038,0.727,3.962
0.728,2.0377,0.728,3.9623
0.729,2.0374,0.729,3.9626
0.73,2.0371,0.73,3.9629
0.731,2.0369,0.731,3.9631
0.732,2.0366,0.732,3.9634
0.733,2.0363,0.733,3.9637
0.734,2.036,0.734,3.964
0.735,2.0358,0.735,3.9642
0.736,2.0355,0.736,3.9645
0.737,2.0352,0.737,3.9648
0.738,2.0349,0.738,3.9651
0.739,2.0347,0.739,3.9653
0.74,2.0344,0.74,3.9656
0.741,2.0341,0.741,3.9659
0.742,2.0339,0.742,3.9661
0.743,2.0336,0.743,3.9664
0.744,2.0333,0.744,3.9667
0.745,2.0331,0.745,3.9669
0.746,2.0328,0.746,3.9672
0.747,2.0325,0.747,3.9675
0.748,2.0323,0.748,3.9677
0.749,2.032,0.749,3.968
0.75,2.0318,0.75,3.9682
0.751,2.0315,0.751,3.9685
0.752,2.0312,0.752,3.9688
0.753,2.031,0.753,3.969
0.754,2.0307,0.754,3.9693
0.755,2.0305,0.755,3.9695
0.756,2.0302,0.756,3.9698
0.757,2.03,0.757,3.97
0.758,2.0297,0.758,3.9703
0.759,2.0295,0.759,3.9705
0.76,2.0292,0.76,3.9708
0.761,2.029,0.761,3.971
0.762,2.0287,0.762,3.9713
0.763,2.0285,0.763,3.9715
0.764,2.0282,0.764,3.9718
0.765,2.028,0.765,3.972
0.766,2.0278,0.766,3.9722
0.767,2.0275,0.767,3.9725
0.768,2.0273,0.768,3.9727
0.769,2.027,0.769,3.973
0.77,2.0268,0.77,3.9732
0.771,2.0266,0.771,3.9734
0.772,2.0263,0.772,3.9737
0.773,2.0261,0.773,3.9739
0.774,2.0259,0.774,3.9741
0.775,2.0256,0.775,3.9744
0.776,2.0254,0.776,3.9746
0.777,2.0252,0.777,3.9748
0.778,2.025,0.778,3.975
0.779,2.0247,0.779,3.9753
0.78,2.0245,0.78,3.9755
0.781,2.0243,0.781,3.9757
0.782,2.0241,0.782,3.9759
0.783,2.0238,0.783,3.9762
0.784,2.0236,0.784,3.9764
0.785,2.0234,0.785,3.9766
0.786,2.0232,0.786,3.9768
0.787,2.0229,0.787,3.9771
0.788,2.0227,0.788,3.9773
0.789,2.0225,0.789,3.9775
0.79,2.0223,0.79,3.9777
0.791,2.0221,0.791,3.9779
0.792,2.0219,0.792,3.9781
0.793,2.0217,0.793,3.9783
0.794,2.0214,0.794,3.9786
0.795,2.0212,0.795,3.9788
0.796,2.021,0.796,3.979
0.797,2.0208,0.797,3.9792
0.798,2.0206,0.798,3.9794
0.799,2.0204,0.799,3.9796
0.8,2.0202,0.8,3.9798
0.801,2.02,0.801,3.98
0.802,2.0198,0.802,3.9802
0.803,2.0196,0.803,3.9804
0.804,2.0194,0.804,3.9806
0.805,2.0192,0.805,3.9808
0.806,2.019,0.806,3.981
0.807,2.0188,0.807,3.9812
0.808,2.0186,0.808,3.9814
0.809,2.0184,0.809,3.9816
0.81,2.0182,0.81,3.9818
0.811,2.018,0.811,3.982
0.812,2.0178,0.812,3.9822
0.813,2.0176,0.813,3.9824
0.814,2.0175,0.814,3.9825
0.815,2.0173,0.815,3.9827
0.816,2.0171,0.816,3.9829
0.817,2.0169,0.817,3.9831
0.818,2.0167,0.818,3.9833
0.819,2.0165,0.819,3.9835
0.82,2.0163,0.82,3.9837
0.821,2.0162,0.821,3.9838
0.822,2.016,0.822,3.984
0.823,2.0158,0.823,3.9842
0.824,2.0156,0.824,3.9844
0.825,2.0154,0.825,3.9846
0.826,2.0153,0.826,3.9847
0.827,2.0151,0.827,3.9849
0.828,2.0149,0.828,3.9851
0.829,2.0147,0.829,3.9853
0.83,2.0146,0.83,3.9854
0.831,2.0144,0.831,3.9856
0.832,2.0142,0.832,3.9858
0.833,2.014,0.833,3.986
0.834,2.0139,0.834,3.9861
0.835,2.0137,0.835,3.9863
0.836,2.0135,0.836,3.9865
0.837,2.0134,0.837,3.9866
0.838,2.0132,0.838,3.9868
0.839,2.013,0.839,3.987
0.84,2.0129,0.84,3.9871
0.841,2.0127,0.841,3.9873
0.842,2.0126,0.842,3.9874
0.843,2.0124,0.843,3.9876
0.844,2.0122,0.844,3.9878
0.845,2.0121,0.845,3.9879
0.846,2.0119,0.846,3.9881
0.847,2.0118,0.847,3.9882
0.848,2.0116,0.848,3.9884
0.849,2.0115,0.849,3.9885
0.85,2.0113,0.85,3.9887
0.851,2.0112,0.851,3.9888
0.852,2.011,0.852,3.989
0.853,2.0109,0.853,3.9891
0.854,2.0107,0.854,3.9893
0.855,2.0106,0.855,3.9894
0.856,2.0104,0.856,3.9896
0.857,2.0103,0.857,3.9897
0.858,2.0101,0.858,3.9899
0.859,2.01,0.859,3.99
0.86,2.0098,0.86,3.9902
0.861,2.0097,0.861,3.9903
0.862,2.0096,0.862,3.9904
0.863,2.0094,0.863,3.9906
0.864,2.0093,0.864,3.9907
0.865,2.0092,0.865,3.9908
0.866,2.009,0.866,3.991
0.867,2.0089,0.867,3.9911
0.868,2.0088,0.868,3.9912
0.869,2.0086,0.869,3.9914
0.87,2.0085,0.87,3.9915
0.871,2.0084,0.871,3.9916
0.872,2.0082,0.872,3.9918
0.873,2.0081,0.873,3.9919
0.874,2.008,0.874,3.992
0.875,2.0078,0.875,3.9922
0.876,2.0077,0.876,3.9923
0.877,2.0076,0.877,3.9924
0.878,2.0075,0.878,3.9925
0.879,2.0073,0.879,3.9927
0.88,2.0072,0.88,3.9928
0.881,2.0071,0.881,3.9929
0.882,2.007,0.882,3.993
0.883,2.0069,0.883,3.9931
0.884,2.0068,0.884,3.9932
0.885,2.0066,0.885,3.9934
0.886,2.0065,0.886,3.9935
0.887,2.0064,0.887,3.9936
0.888,2.0063,0.888,3.9937
0.889,2.0062,0.889,3.9938
0.89,2.0061,0.89,3.9939
0.891,2.006,0.891,3.994
0.892,2.0058,0.892,3.9942
0.893,2.0057,0.893,3.9943
0.894,2.0056,0.894,3.9944
0.895,2.0055,0.895,3.9945
0.896,2.0054,0.896,3.9946
0.897,2.0053,0.897,3.9947
0.898,2.0052,0.898,3.9948
0.899,2.0051,0.899,3.9949
0.9,2.005,0.9,3.995
0.901,2.0049,0.901,3.9951
0.902,2.0048,0.902,3.9952
0.903,2.0047,0.903,3.9953
0.904,2.0046,0.904,3.9954
0.905,2.0045,0.905,3.9955
0.906,2.0044,0.906,3.9956
0.907,2.0043,0.907,3.9957
0.908,2.0042,0.908,3.9958
0.909,2.0041,0.909,3.9959
0.91,2.0041,0.91,3.9959
0.911,2.004,0.911,3.996
0.912,2.0039,0.912,3.9961
0.913,2.0038,0.913,3.9962
0.914,2.0037,0.914,3.9963
0.915,2.0036,0.915,3.9964
0.916,2.0035,0.916,3.9965
0.917,2.0035,0.917,3.9965
0.918,2.0034,0.918,3.9966
0.919,2.0033,0.919,3.9967
0.92,2.0032,0.92,3.9968
0.921,2.0031,0.921,3.9969
0.922,2.003,0.922,3.997
0.923,2.003,0.923,3.997
0.924,2.0029,0.924,3.9971
0.925,2.0028,0.925,3.9972
0.926,2.0027,0.926,3.9973
0.927,2.0027,0.927,3.9973
0.928,2.0026,0.928,3.9974
0.929,2.0025,0.929,3.9975
0.93,2.0025,0.93,3.9975
0.931,2.0024,0.931,3.9976
0.932,2.0023,0.932,3.9977
0.933,2.0022,0.933,3.9978
0.934,2.0022,0.934,3.9978
0.935,2.0021,0.935,3.9979
0.936,2.0021,0.936,3.9979
0.937,2.002,0.937,3.998
0.938,2.0019,0.938,3.9981
0.939,2.0019,0.939,3.9981
0.94,2.0018,0.94,3.9982
0.941,2.0017,0.941,3.9983
0.942,2.0017,0.942,3.9983
0.943,2.0016,0.943,3.9984
0.944,2.0016,0.944,3.9984
0.945,2.0015,0.945,3.9985
0.946,2.0015,0.946,3.9985
0.947,2.0014,0.947,3.9986
0.948,2.0014,0.948,3.9986
0.949,2.0013,0.949,3.9987
0.95,2.0013,0.95,3.9987
0.951,2.0012,0.951,3.9988
0.952,2.0012,0.952,3.9988
0.953,2.0011,0.953,3.9989
0.954,2.0011,0.954,3.9989
0.955,2.001,0.955,3.999
0.956,2.001,0.956,3.999
0.957,2.0009,0.957,3.9991
0.958,2.0009,0.958,3.9991
0.959,2.0008,0.959,3.9992
0.96,2.0008,0.96,3.9992
0.961,2.0008,0.961,3.9992
0.962,2.0007,0.962,3.9993
0.963,2.0007,0.963,3.9993
0.964,2.0006,0.964,3.9994
0.965,2.0006,0.965,3.9994
0.966,2.0006,0.966,3.9994
0.967,2.0005,0.967,3.9995
0.968,2.0005,0.968,3.9995
0.969,2.0005,0.969,3.9995
0.97,2.0005,0.97,3.9995
0.971,2.0004,0.971,3.9996
0.972,2.0004,0.972,3.9996
0.973,2.0004,0.973,3.9996
0.974,2.0003,0.974,3.9997
0.975,2.0003,0.975,3.9997
0.976,2.0003,0.976,3.9997
0.977,2.0003,0.977,3.9997
0.978,2.0002,0.978,3.9998
0.979,2.0002,0.979,3.9998
0.98,2.0002,0.98,3.9998
0.981,2.0002,0.981,3.9998
0.982,2.0002,0.982,3.9998
0.983,2.0001,0.983,3.9999
0.984,2.0001,0.984,3.9999
0.985,2.0001,0.985,3.9999
0.986,2.0001,0.986,3.9999
0.987,2.0001,0.987,3.9999
0.988,2.0001,0.988,3.9999
0.989,2.0001,0.989,3.9999
0.99,2.0001,0.99,3.9999
0.991,2,0.991,4
0.992,2,0.992,4
0.993,2,0.993,4
0.994,2,0.994,4
0.995,2,0.995,4
0.996,2,0.996,4
0.997,2,0.997,4
0.998,2,0.998,4
0.999,2,0.999,4
1,2,1,4
1.001,2,1.001,4
1.002,2,1.002,4
1.003,2,1.003,4
1.004,2,1.004,4
1.005,2,1.005,4
1.006,2,1.006,4
1.007,2,1.007,4
1.008,2,1.008,4
1.009,2,1.009,4
1.01,2.0001,1.01,3.9999
1.011,2.0001,1.011,3.9999
1.012,2.0001,1.012,3.9999
1.013,2.0001,1.013,3.9999
1.014,2.0001,1.014,3.9999
1.015,2.0001,1.015,3.9999
1.016,2.0001,1.016,3.9999
1.017,2.0001,1.017,3.9999
1.018,2.0002,1.018,3.9998
1.019,2.0002,1.019,3.9998
1.02,2.0002,1.02,3.9998
1.021,2.0002,1.021,3.9998
1.022,2.0002,1.022,3.9998
1.023,2.0003,1.023,3.9997
1.024,2.0003,1.024,3.9997
1.025,2.0003,1.025,3.9997
1.026,2.0003,1.026,3.9997
1.027,2.0004,1.027,3.9996
1.028,2.0004,1.028,3.9996
1.029,2.0004,1.029,3.9996
1.03,2.0005,1.03,3.9995
1.031,2.0005,1.031,3.9995
1.032,2.0005,1.032,3.9995
1.033,2.0005,1.033,3.9995
1.034,2.0006,1.034,3.9994
1.035,2.0006,1.035,3.9994
1.036,2.0006,1.036,3.9994
1.037,2.0007,1.037,3.9993
1.038,2.0007,1.038,3.9993
1.039,2.0008,1.039,3.9992
1.04,2.0008,1.04,3.9992
1.041,2.0008,1.041,3.9992
1.042,2.0009,1.042,3.9991
1.043,2.0009,1.043,3.9991
1.044,2.001,1.044,3.999
1.045,2.001,1.045,3.999
1.046,2.0011,1.046,3.9989
1.047,2.0011,1.047,3.9989
1.048,2.0012,1.048,3.9988
1.049,2.0012,1.049,3.9988
1.05,2.0013,1.05,3.9987
1.051,2.0013,1.051,3.9987
1.052,2.0014,1.052,3.9986
1.053,2.0014,1.053,3.9986
1.054,2.0015,1.054,3.9985
1.055,2.0015,1.055,3.9985
1.056,2.0016,1.056,3.9984
1.057,2.0016,1.057,3.9984
1.058,2.0017,1.058,3.9983
1.059,2.0017,1.059,3.9983
1.06,2.0018,1.06,3.9982
1.061,2.0019,1.061,3.9981
1.062,2.0019,1.062,3.9981
1.063,2.002,1.063,3.998
1.064,2.0021,1.064,3.9979
1.065,2.0021,1.065,3.9979
1.066,2.0022,1.066,3.9978
1.067,2.0022,1.067,3.9978
1.068,2.0023,1.068,3.9977
1.069,2.0024,1.069,3.9976
1.07,2.0025,1.07,3.9975
1.071,2.0025,1.071,3.9975
1.072,2.0026,1.072,3.9974
1.073,2.0027,1.073,3.9973
1.074,2.0027,1.074,3.9973
1.075,2.0028,1.075,3.9972
1.076,2.0029,1.076,3.9971
1.077,2.003,1.077,3.997
1.078,2.003,1.078,3.997
1.079,2.0031,1.079,3.9969
1.08,2.0032,1.08,3.9968
1.081,2.0033,1.081,3.9967
1.082,2.0034,1.082,3.9966
1.083,2.0035,1.083,3.9965
1.084,2.0035,1.084,3.9965
1.085,2.0036,1.085,3.9964
1.086,2.0037,1.086,3.9963
1.087,2.0038,1.087,3.9962
1.088,2.0039,1.088,3.9961
1.089,2.004,1.089,3.996
1.09,2.0041,1.09,3.9959
1.091,2.0041,1.091,3.9959
1.092,2.0042,1.092,3.9958
1.093,2.0043,1.093,3.9957
1.094,2.0044,1.094,3.9956
1.095,2.0045,1.095,3.9955
1.096,2.0046,1.096,3.9954
1.097,2.0047,1.097,3.9953
1.098,2.0048,1.098,3.9952
1.099,2.0049,1.099,3.9951
1.1,2.005,1.1,3.995
1.101,2.0051,1.101,3.9949
1.102,2.0052,1.102,3.9948
1.103,2.0053,1.103,3.9947
1.104,2.0054,1.104,3.9946
1.105,2.0055,1.105,3.9945
1.106,2.0056,1.106,3.9944
1.107,2.0057,1.107,3.9943
1.108,2.0058,1.108,3.9942
1.109,2.006,1.109,3.994
1.11,2.0061,1.11,3.9939
1.111,2.0062,1.111,3.9938
1.112,2.0063,1.112,3.9937
1.113,2.0064,1.113,3.9936
1.114,2.0065,1.114,3.9935
1.115,2.0066,1.115,3.9934
1.116,2.0068,1.116,3.9932
1.117,2.0069,1.117,3.9931
1.118,2.007,1.118,3.993
1.119,2.0071,1.119,3.9929
1.12,2.0072,1.12,3.9928
1.121,2.0073,1.121,3.9927
1.122,2.0075,1.122,3.9925
1.123,2.0076,1.123,3.9924
1.124,2.0077,1.124,3.9923
1.125,2.0078,1.125,3.9922
1.126,2.008,1.126,3.992
1.127,2.0081,1.127,3.9919
1.128,2.0082,1.128,3.9918
1.129,2.0084,1.129,3.9916
1.13,2.0085,1.13,3.9915
1.131,2.0086,1.131,3.9914
1.132,2.0088,1.132,3.9912
1.133,2.0089,1.133,3.9911
1.134,2.009,1.134,3.991
1.135,2.0092,1.135,3.9908
1.136,2.0093,1.136,3.9907
1.137,2.0094,1.137,3.9906
1.138,2.0096,1.138,3.9904
1.139,2.0097,1.139,3.9903
1.14,2.0098,1.14,3.9902
1.141,2.01,1.141,3.99
1.142,2.0101,1.142,3.9899
1.143,2.0103,1.143,3.9897
1.144,2.0104,1.144,3.9896
1.145,2.0106,1.145,3.9894
1.146,2.0107,1.146,3.9893
1.147,2.0109,1.147,3.9891
1.148,2.011,1.148,3.989
1.149,2.0112,1.149,3.9888
1.15,2.0113,1.15,3.9887
1.151,2.0115,1.151,3.9885
1.152,2.0116,1.152,3.9884
1.153,2.0118,1.153,3.9882
1.154,2.0119,1.154,3.9881
1.155,2.0121,1.155,3.9879
1.156,2.0122,1.156,3.9878
1.157,2.0124,1.157,3.9876
1.158,2.0126,1.158,3.9874
1.159,2.0127,1.159,3.9873
1.16,2.0129,1.16,3.9871
1.161,2.013,1.161,3.987
1.162,2.0132,1.162,3.9868
1.163,2.0134,1.163,3.9866
1.164,2.0135,1.164,3.9865
1.165,2.0137,1.165,3.9863
1.166,2.0139,1.166,3.9861
1.167,2.014,1.167,3.986
1.168,2.0142,1.168,3.9858
1.169,2.0144,1.169,3.9856
1.17,2.0146,1.17,3.9854
1.171,2.0147,1.171,3.9853
1.172,2.0149,1.172,3.9851
1.173,2.0151,1.173,3.9849
1.174,2.0153,1.174,3.9847
1.175,2.0154,1.175,3.9846
1.176,2.0156,1.176,3.9844
1.177,2.0158,1.177,3.9842
1.178,2.016,1.178,3.984
1.179,2.0162,1.179,3.9838
1.18,2.0163,1.18,3.9837
1.181,2.0165,1.181,3.9835
1.182,2.0167,1.182,3.9833
1.183,2.0169,1.183,3.9831
1.184,2.0171,1.184,3.9829
1.185,2.0173,1.185,3.9827
1.186,2.0175,1.186,3.9825
1.187,2.0176,1.187,3.9824
1.188,2.0178,1.188,3.9822
1.189,2.018,1.189,3.982
1.19,2.0182,1.19,3.9818
1.191,2.0184,1.191,3.9816
1.192,2.0186,1.192,3.9814
1.193,2.0188,1.193,3.9812
1.194,2.019,1.194,3.981
1.195,2.0192,1.195,3.9808
1.196,2.0194,1.196,3.9806
1.197,2.0196,1.197,3.9804
1.198,2.0198,1.198,3.9802
1.199,2.02,1.199,3.98
1.2,2.0202,1.2,3.9798
1.201,2.0204,1.201,3.9796
1.202,2.0206,1.202,3.9794
1.203,2.0208,1.203,3.9792
1.204,2.021,1.204,3.979
1.205,2.0212,1.205,3.9788
1.206,2.0214,1.206,3.9786
1.207,2.0217,1.207,3.9783
1.208,2.0219,1.208,3.9781
1.209,2.0221,1.209,3.9779
1.21,2.0223,1.21,3.9777
1.211,2.0225,1.211,3.9775
1.212,2.0227,1.212,3.9773
1.213,2.0229,1.213,3.9771
1.214,2.0232,1.214,3.9768
1.215,2.0234,1.215,3.9766
1.216,2.0236,1.216,3.9764
1.217,2.0238,1.217,3.9762
1.218,2.0241,1.218,3.9759
1.219,2.0243,1.219,3.9757
1.22,2.0245,1.22,3.9755
1.221,2.0247,1.221,3.9753
1.222,2.025,1.222,3.975
1.223,2.0252,1.223,3.9748
1.224,2.0254,1.224,3.9746
1.225,2.0256,1.225,3.9744
1.226,2.0259,1.226,3.9741
1.227,2.0261,1.227,3.9739
1.228,2.0263,1.228,3.9737
1.229,2.0266,1.229,3.9734
1.23,2.0268,1.23,3.9732
1.231,2.027,1.231,3.973
1.232,2.0273,1.232,3.9727
1.233,2.0275,1.233,3.9725
1.234,2.0278,1.234,3.9722
1.235,2.028,1.235,3.972
1.236,2.0282,1.236,3.9718
1.237,2.0285,1.237,3.9715
1.238,2.0287,1.238,3.9713
1.239,2.029,1.239,3.971
1.24,2.0292,1.24,3.9708
1.241,2.0295,1.241,3.9705
1.242,2.0297,1.242,3.9703
1.243,2.03,1.243,3.97
1.244,2.0302,1.244,3.9698
1.245,2.0305,1.245,3.9695
1.246,2.0307,1.246,3.9693
1.247,2.031,1.247,3.969
1.248,2.0312,1.248,3.9688
1.249,2.0315,1.249,3.9685
1.25,2.0318,1.25,3.9682
1.251,2.032,1.251,3.968
1.252,2.0323,1.252,3.9677
1.253,2.0325,1.253,3.9675
1.254,2.0328,1.254,3.9672
1.255,2.0331,1.255,3.9669
1.256,2.0333,1.256,3.9667
1.257,2.0336,1.257,3.9664
1.258,2.0339,1.258,3.9661
1.259,2.0341,1.259,3.9659
1.26,2.0344,1.26,3.9656
1.261,2.0347,1.261,3.9653
1.262,2.0349,1.262,3.9651
1.263,2.0352,1.263,3.9648
1.264,2.0355,1.264,3.9645
1.265,2.0358,1.265,3.9642
1.266,2.036,1.266,3.964
1.267,2.0363,1.267,3.9637
1.268,2.0366,1.268,3.9634
1.269,2.0369,1.269,3.9631
1.27,2.0371,1.27,3.9629
1.271,2.0374,1.271,3.9626
1.272,2.0377,1.272,3.9623
1.273,2.038,1.273,3.962
1.274,2.0383,1.274,3.9617
1.275,2.0386,1.275,3.9614
1.276,2.0388,1.276,3.9612
1.277,2.0391,1.277,3.9609
1.278,2.0394,1.278,3.9606
1.279,2.0397,1.279,3.9603
1.28,2.04,1.28,3.96
1.281,2.0403,1.281,3.9597
1.282,2.0406,1.282,3.9594
1.283,2.0409,1.283,3.9591
1.284,2.0412,1.284,3.9588
1.285,2.0415,1.285,3.9585
1.286,2.0418,1.286,3.9582
1.287,2.0421,1.287,3.9579
1.288,2.0424,1.288,3.9576
1.289,2.0427,1.289,3.9573
1.29,2.043,1.29,3.957
1.291,2.0433,1.291,3.9567
1.292,2.0436,1.292,3.9564
1.293,2.0439,1.293,3.9561
1.294,2.0442,1.294,3.9558
1.295,2.0445,1.295,3.9555
1.296,2.0448,1.296,3.9552
1.297,2.0451,1.297,3.9549
1.298,2.0454,1.298,3.9546
1.299,2.0457,1.299,3.9543
1.3,2.0461,1.3,3.9539
1.301,2.0464,1.301,3.9536
1.302,2.0467,1.302,3.9533
1.303,2.047,1.303,3.953
1.304,2.0473,1.304,3.9527
1.305,2.0476,1.305,3.9524
1.306,2.048,1.306,3.952
1.307,2.0483,1.307,3.9517
1.308,2.0486,1.308,3.9514
1.309,2.0489,1.309,3.9511
1.31,2.0493,1.31,3.9507
1.311,2.0496,1.311,3.9504
1.312,2.0499,1.312,3.9501
1.313,2.0502,1.313,3.9498
1.314,2.0506,1.314,3.9494
1.315,2.0509,1.315,3.9491
1.316,2.0512,1.316,3.9488
1.317,2.0516,1.317,3.9484
1.318,2.0519,1.318,3.9481
1.319,2.0522,1.319,3.9478
1.32,2.0526,1.32,3.9474
1.321,2.0529,1.321,3.9471
1.322,2.0533,1.322,3.9467
1.323,2.0536,1.323,3.9464
1.324,2.0539,1.324,3.9461
1.325,2.0543,1.325,3.9457
1.326,2.0546,1.326,3.9454
1.327,2.055,1.327,3.945
1.328,2.0553,1.328,3.9447
1.329,2.0557,1.329,3.9443
1.33,2.056,1.33,3.944
1.331,2.0564,1.331,3.9436
1.332,2.0567,1.332,3.9433
1.333,2.0571,1.333,3.9429
1.334,2.0574,1.334,3.9426
1.335,2.0578,1.335,3.9422
1.336,2.0581,1.336,3.9419
1.337,2.0585,1.337,3.9415
1.338,2.0589,1.338,3.9411
1.339,2.0592,1.339,3.9408
1.34,2.0596,1.34,3.9404
1.341,2.0599,1.341,3.9401
1.342,2.0603,1.342,3.9397
1.343,2.0607,1.343,3.9393
1.344,2.061,1.344,3.939
1.345,2.0614,1.345,3.9386
1.346,2.0618,1.346,3.9382
1.347,2.0621,1.347,3.9379
1.348,2.0625,1.348,3.9375
1.349,2.0629,1.349,3.9371
1.35,2.0633,1.35,3.9367
1.351,2.0636,1.351,3.9364
1.352,2.064,1.352,3.936
1.353,2.0644,1.353,3.9356
1.354,2.0648,1.354,3.9352
1.355,2.0651,1.355,3.9349
1.356,2.0655,1.356,3.9345
1.357,2.0659,1.357,3.9341
1.358,2.0663,1.358,3.9337
1.359,2.0667,1.359,3.9333
1.36,2.067,1.36,3.933
1.361,2.0674,1.361,3.9326
1.362,2.0678,1.362,3.9322
1.363,2.0682,1.363,3.9318
1.364,2.0686,1.364,3.9314
1.365,2.069,1.365,3.931
1.366,2.0694,1.366,3.9306
1.367,2.0698,1.367,3.9302
1.368,2.0702,1.368,3.9298
1.369,2.0706,1.369,3.9294
1.37,2.071,1.37,3.929
1.371,2.0714,1.371,3.9286
1.372,2.0718,1.372,3.9282
1.373,2.0722,1.373,3.9278
1.374,2.0726,1.374,3.9274
1.375,2.073,1.375,3.927
1.376,2.0734,1.376,3.9266
1.377,2.0738,1.377,3.9262
1.378,2.0742,1.378,3.9258
1.379,2.0746,1.379,3.9254
1.38,2.075,1.38,3.925
1.381,2.0754,1.381,3.9246
1.382,2.0758,1.382,3.9242
1.383,2.0763,1.383,3.9237
1.384,2.0767,1.384,3.9233
1.385,2.0771,1.385,3.9229
1.386,2.0775,1.386,3.9225
1.387,2.0779,1.387,3.9221
1.388,2.0783,1.388,3.9217
1.389,2.0788,1.389,3.9212
1.39,2.0792,1.39,3.9208
1.391,2.0796,1.391,3.9204
1.392,2.08,1.392,3.92
1.393,2.0805,1.393,3.9195
1.394,2.0809,1.394,3.9191
1.395,2.0813,1.395,3.9187
1.396,2.0817,1.396,3.9183
1.397,2.0822,1.397,3.9178
1.398,2.0826,1.398,3.9174
1.399,2.083,1.399,3.917
1.4,2.0835,1.4,3.9165
1.401,2.0839,1.401,3.9161
1.402,2.0844,1.402,3.9156
1.403,2.0848,1.403,3.9152
1.404,2.0852,1.404,3.9148
1.405,2.0857,1.405,3.9143
1.406,2.0861,1.406,3.9139
1.407,2.0866,1.407,3.9134
1.408,2.087,1.408,3.913
1.409,2.0875,1.409,3.9125
1.41,2.0879,1.41,3.9121
1.411,2.0884,1.411,3.9116
1.412,2.0888,1.412,3.9112
1.413,2.0893,1.413,3.9107
1.414,2.0897,1.414,3.9103
1.415,2.0902,1.415,3.9098
1.416,2.0906,1.416,3.9094
1.417,2.0911,1.417,3.9089
1.418,2.0916,1.418,3.9084
1.419,2.092,1.419,3.908
1.42,2.0925,1.42,3.9075
1.421,2.0929,1.421,3.9071
1.422,2.0934,1.422,3.9066
1.423,2.0939,1.423,3.9061
1.424,2.0943,1.424,3.9057
1.425,2.0948,1.425,3.9052
1.426,2.0953,1.426,3.9047
1.427,2.0957,1.427,3.9043
1.428,2.0962,1.428,3.9038
1.429,2.0967,1.429,3.9033
1.43,2.0972,1.43,3.9028
1.431,2.0976,1.431,3.9024
1.432,2.0981,1.432,3.9019
1.433,2.0986,1.433,3.9014
1.434,2.0991,1.434,3.9009
1.435,2.0996,1.435,3.9004
1.436,2.1001,1.436,3.8999
1.437,2.1005,1.437,3.8995
1.438,2.101,1.438,3.899
1.439,2.1015,1.439,3.8985
1.44,2.102,1.44,3.898
1.441,2.1025,1.441,3.8975
1.442,2.103,1.442,3.897
1.443,2.1035,1.443,3.8965
1.444,2.104,1.444,3.896
1.445,2.1045,1.445,3.8955
1.446,2.105,1.446,3.895
1.447,2.1055,1.447,3.8945
1.448,2.106,1.448,3.894
1.449,2.1065,1.449,3.8935
1.45,2.107,1.45,3.893
1.451,2.1075,1.451,3.8925
1.452,2.108,1.452,3.892
1.453,2.1085,1.453,3.8915
1.454,2.109,1.454,3.891
1.455,2.1095,1.455,3.8905
1.456,2.11,1.456,3.89
1.457,2.1105,1.457,3.8895
1.458,2.111,1.458,3.889
1.459,2.1116,1.459,3.8884
1.46,2.1121,1.46,3.8879
1.461,2.1126,1.461,3.8874
1.462,2.1131,1.462,3.8869
1.463,2.1136,1.463,3.8864
1.464,2.1142,1.464,3.8858
1.465,2.1147,1.465,3.8853
1.466,2.1152,1.466,3.8848
1.467,2.1157,1.467,3.8843
1.468,2.1163,1.468,3.8837
1.469,2.1168,1.469,3.8832
1.47,2.1173,1.47,3.8827
1.471,2.1179,1.471,3.8821
1.472,2.1184,1.472,3.8816
1.473,2.1189,1.473,3.8811
1.474,2.1195,1.474,3.8805
1.475,2.12,1.475,3.88
1.476,2.1206,1.476,3.8794
1.477,2.1211,1.477,3.8789
1.478,2.1216,1.478,3.8784
1.479,2.1222,1.479,3.8778
1.48,2.1227,1.48,3.8773
1.481,2.1233,1.481,3.8767
1.482,2.1238,1.482,3.8762
1.483,2.1244,1.483,3.8756
1.484,2.1249,1.484,3.8751
1.485,2.1255,1.485,3.8745
1.486,2.126,1.486,3.874
1.487,2.1266,1.487,3.8734
1.488,2.1272,1.488,3.8728
1.489,2.1277,1.489,3.8723
1.49,2.1283,1.49,3.8717
1.491,2.1288,1.491,3.8712
1.492,2.1294,1.492,3.8706
1.493,2.13,1.493,3.87
1.494,2.1305,1.494,3.8695
1.495,2.1311,1.495,3.8689
1.496,2.1317,1.496,3.8683
1.497,2.1322,1.497,3.8678
1.498,2.1328,1.498,3.8672
1.499,2.1334,1.499,3.8666
1.5,2.134,1.5,3.866
1.501,2.1346,1.501,3.8654
1.502,2.1351,1.502,3.8649
1.503,2.1357,1.503,3.8643
1.504,2.1363,1.504,3.8637
1.505,2.1369,1.505,3.8631
1.506,2.1375,1.506,3.8625
1.507,2.1381,1.507,3.8619
1.508,2.1386,1.508,3.8614
1.509,2.1392,1.509,3.8608
1.51,2.1398,1.51,3.8602
1.511,2.1404,1.511,3.8596
1.512,2.141,1.512,3.859
1.513,2.1416,1.513,3.8584
1.514,2.1422,1.514,3.8578
1.515,2.1428,1.515,3.8572
1.516,2.1434,1.516,3.8566
1.517,2.144,1.517,3.856
1.518,2.1446,1.518,3.8554
1.519,2.1452,1.519,3.8548
1.52,2.1458,1.52,3.8542
1.521,2.1464,1.521,3.8536
1.522,2.1471,1.522,3.8529
1.523,2.1477,1.523,3.8523
1.524,2.1483,1.524,3.8517
1.525,2.1489,1.525,3.8511
1.526,2.1495,1.526,3.8505
1.527,2.1501,1.527,3.8499
1.528,2.1508,1.528,3.8492
1.529,2.1514,1.529,3.8486
1.53,2.152,1.53,3.848
1.531,2.1526,1.531,3.8474
1.532,2.1533,1.532,3.8467
1.533,2.1539,1.533,3.8461
1.534,2.1545,1.534,3.8455
1.535,2.1551,1.535,3.8449
1.536,2.1558,1.536,3.8442
1.537,2.1564,1.537,3.8436
1.538,2.1571,1.538,3.8429
1.539,2.1577,1.539,3.8423
1.54,2.1583,1.54,3.8417
1.541,2.159,1.541,3.841
1.542,2.1596,1.542,3.8404
1.543,2.1603,1.543,3.8397
1.544,2.1609,1.544,3.8391
1.545,2.1616,1.545,3.8384
1.546,2.1622,1.546,3.8378
1.547,2.1629,1.547,3.8371
1.548,2.1635,1.548,3.8365
1.549,2.1642,1.549,3.8358
1.55,2.1648,1.55,3.8352
1.551,2.1655,1.551,3.8345
1.552,2.1662,1.552,3.8338
1.553,2.1668,1.553,3.8332
1.554,2.1675,1.554,3.8325
1.555,2.1681,1.555,3.8319
1.556,2.1688,1.556,3.8312
1.557,2.1695,1.557,3.8305
1.558,2.1702,1.558,3.8298
1.559,2.1708,1.559,3.8292
1.56,2.1715,1.56,3.8285
1.561,2.1722,1.561,3.8278
1.562,2.1729,1.562,3.8271
1.563,2.1735,1.563,3.8265
1.564,2.1742,1.564,3.8258
1.565,2.1749,1.565,3.8251
1.566,2.1756,1.566,3.8244
1.567,2.1763,1.567,3.8237
1.568,2.177,1.568,3.823
1.569,2.1777,1.569,3.8223
1.57,2.1784,1.57,3.8216
1.571,2.179,1.571,3.821
1.572,2.1797,1.572,3.8203
1.573,2.1804,1.573,3.8196
1.574,2.1811,1.574,3.8189
1.575,2.1818,1.575,3.8182
1.576,2.1826,1.576,3.8174
1.577,2.1833,1.577,3.8167
1.578,2.184,1.578,3.816
1.579,2.1847,1.579,3.8153
1.58,2.1854,1.58,3.8146
1.581,2.1861,1.581,3.8139
1.582,2.1868,1.582,3.8132
1.583,2.1875,1.583,3.8125
1.584,2.1882,1.584,3.8118
1.585,2.189,1.585,3.811
1.586,2.1897,1.586,3.8103
1.587,2.1904,1.587,3.8096
1.588,2.1911,1.588,3.8089
1.589,2.1919,1.589,3.8081
1.59,2.1926,1.59,3.8074
1.591,2.1933,1.591,3.8067
1.592,2.1941,1.592,3.8059
1.593,2.1948,1.593,3.8052
1.594,2.1955,1.594,3.8045
1.595,2.1963,1.595,3.8037
1.596,2.197,1.596,3.803
1.597,2.1978,1.597,3.8022
1.598,2.1985,1.598,3.8015
1.599,2.1993,1.599,3.8007
1.6,2.2,1.6,3.8
1.601,2.2008,1.601,3.7992
1.602,2.2015,1.602,3.7985
1.603,2.2023,1.603,3.7977
1.604,2.203,1.604,3.797
1.605,2.2038,1.605,3.7962
1.606,2.2045,1.606,3.7955
1.607,2.2053,1.607,3.7947
1.608,2.2061,1.608,3.7939
1.609,2.2068,1.609,3.7932
1.61,2.2076,1.61,3.7924
1.611,2.2084,1.611,3.7916
1.612,2.2091,1.612,3.7909
1.613,2.2099,1.613,3.7901
1.614,2.2107,1.614,3.7893
1.615,2.2115,1.615,3.7885
1.616,2.2123,1.616,3.7877
1.617,2.213,1.617,3.787
1.618,2.2138,1.618,3.7862
1.619,2.2146,1.619,3.7854
1.62,2.2154,1.62,3.7846
1.621,2.2162,1.621,3.7838
1.622,2.217,1.622,3.783
1.623,2.2178,1.623,3.7822
1.624,2.2186,1.624,3.7814
1.625,2.2194,1.625,3.7806
1.626,2.2202,1.626,3.7798
1.627,2.221,1.627,3.779
1.628,2.2218,1.628,3.7782
1.629,2.2226,1.629,3.7774
1.63,2.2234,1.63,3.7766
1.631,2.2242,1.631,3.7758
1.632,2.225,1.632,3.775
1.633,2.2258,1.633,3.7742
1.634,2.2267,1.634,3.7733
1.635,2.2275,1.635,3.7725
1.636,2.2283,1.636,3.7717
1.637,2.2291,1.637,3.7709
1.638,2.23,1.638,3.77
1.639,2.2308,1.639,3.7692
1.64,2.2316,1.64,3.7684
1.641,2.2325,1.641,3.7675
1.642,2.2333,1.642,3.7667
1.643,2.2341,1.643,3.7659
1.644,2.235,1.644,3.765
1.645,2.2358,1.645,3.7642
1.646,2.2367,1.646,3.7633
1.647,2.2375,1.647,3.7625
1.648,2.2384,1.648,3.7616
1.649,2.2392,1.649,3.7608
1.65,2.2401,1.65,3.7599
1.651,2.2409,1.651,3.7591
1.652,2.2418,1.652,3.7582
1.653,2.2426,1.653,3.7574
1.654,2.2435,1.654,3.7565
1.655,2.2444,1.655,3.7556
1.656,2.2452,1.656,3.7548
1.657,2.2461,1.657,3.7539
1.658,2.247,1.658,3.753
1.659,2.2479,1.659,3.7521
1.66,2.2487,1.66,3.7513
1.661,2.2496,1.661,3.7504
1.662,2.2505,1.662,3.7495
1.663,2.2514,1.663,3.7486
1.664,2.2523,1.664,3.7477
1.665,2.2532,1.665,3.7468
1.666,2.254,1.666,3.746
1.667,2.2549,1.667,3.7451
1.668,2.2558,1.668,3.7442
1.669,2.2567,1.669,3.7433
1.67,2.2576,1.67,3.7424
1.671,2.2585,1.671,3.7415
1.672,2.2594,1.672,3.7406
1.673,2.2604,1.673,3.7396
1.674,2.2613,1.674,3.7387
1.675,2.2622,1.675,3.7378
1.676,2.2631,1.676,3.7369
1.677,2.264,1.677,3.736
1.678,2.2649,1.678,3.7351
1.679,2.2659,1.679,3.7341
1.68,2.2668,1.68,3.7332
1.681,2.2677,1.681,3.7323
1.682,2.2686,1.682,3.7314
1.683,2.2696,1.683,3.7304
1.684,2.2705,1.684,3.7295
1.685,2.2715,1.685,3.7285
1.686,2.2724,1.686,3.7276
1.687,2.2733,1.687,3.7267
1.688,2.2743,1.688,3.7257
1.689,2.2752,1.689,3.7248
1.69,2.2762,1.69,3.7238
1.691,2.2771,1.691,3.7229
1.692,2.2781,1.692,3.7219
1.693,2.2791,1.693,3.7209
1.694,2.28,1.694,3.72
1.695,2.281,1.695,3.719
1.696,2.282,1.696,3.718
1.697,2.2829,1.697,3.7171
1.698,2.2839,1.698,3.7161
1.699,2.2849,1.699,3.7151
1.7,2.2859,1.7,3.7141
1.701,2.2868,1.701,3.7132
1.702,2.2878,1.702,3.7122
1.703,2.2888,1.703,3.7112
1.704,2.2898,1.704,3.7102
1.705,2.2908,1.705,3.7092
1.706,2.2918,1.706,3.7082
1.707,2.2928,1.707,3.7072
1.708,2.2938,1.708,3.7062
1.709,2.2948,1.709,3.7052
1.71,2.2958,1.71,3.7042
1.711,2.2968,1.711,3.7032
1.712,2.2978,1.712,3.7022
1.713,2.2988,1.713,3.7012
1.714,2.2999,1.714,3.7001
1.715,2.3009,1.715,3.6991
1.716,2.3019,1.716,3.6981
1.717,2.3029,1.717,3.6971
1.718,2.304,1.718,3.696
1.719,2.305,1.719,3.695
1.72,2.306,1.72,3.694
1.721,2.3071,1.721,3.6929
1.722,2.3081,1.722,3.6919
1.723,2.3092,1.723,3.6908
1.724,2.3102,1.724,3.6898
1.725,2.3113,1.725,3.6887
1.726,2.3123,1.726,3.6877
1.727,2.3134,1.727,3.6866
1.728,2.3144,1.728,3.6856
1.729,2.3155,1.729,3.6845
1.73,2.3166,1.73,3.6834
1.731,2.3176,1.731,3.6824
1.732,2.3187,1.732,3.6813
1.733,2.3198,1.733,3.6802
1.734,2.3209,1.734,3.6791
1.735,2.3219,1.735,3.6781
1.736,2.323,1.736,3.677
1.737,2.3241,1.737,3.6759
1.738,2.3252,1.738,3.6748
1.739,2.3263,1.739,3.6737
1.74,2.3274,1.74,3.6726
1.741,2.3285,1.741,3.6715
1.742,2.3296,1.742,3.6704
1.743,2.3307,1.743,3.6693
1.744,2.3318,1.744,3.6682
1.745,2.3329,1.745,3.6671
1.746,2.3341,1.746,3.6659
1.747,2.3352,1.747,3.6648
1.748,2.3363,1.748,3.6637
1.749,2.3374,1.749,3.6626
1.75,2.3386,1.75,3.6614
1.751,2.3397,1.751,3.6603
1.752,2.3408,1.752,3.6592
1.753,2.342,1.753,3.658
1.754,2.3431,1.754,3.6569
1.755,2.3443,1.755,3.6557
1.756,2.3454,1.756,3.6546
1.757,2.3466,1.757,3.6534
1.758,2.3477,1.758,3.6523
1.759,2.3489,1.759,3.6511
1.76,2.3501,1.76,3.6499
1.761,2.3512,1.761,3.6488
1.762,2.3524,1.762,3.6476
1.763,2.3536,1.763,3.6464
1.764,2.3548,1.764,3.6452
1.765,2.356,1.765,3.644
1.766,2.3572,1.766,3.6428
1.767,2.3584,1.767,3.6416
1.768,2.3596,1.768,3.6404
1.769,2.3608,1.769,3.6392
1.77,2.362,1.77,3.638
1.771,2.3632,1.771,3.6368
1.772,2.3644,1.772,3.6356
1.773,2.3656,1.773,3.6344
1.774,2.3668,1.774,3.6332
1.775,2.368,1.775,3.632
1.776,2.3693,1.776,3.6307
1.777,2.3705,1.777,3.6295
1.778,2.3717,1.778,3.6283
1.779,2.373,1.779,3.627
1.78,2.3742,1.78,3.6258
1.781,2.3755,1.781,3.6245
1.782,2.3767,1.782,3.6233
1.783,2.378,1.783,3.622
1.784,2.3792,1.784,3.6208
1.785,2.3805,1.785,3.6195
1.786,2.3818,1.786,3.6182
1.787,2.383,1.787,3.617
1.788,2.3843,1.788,3.6157
1.789,2.3856,1.789,3.6144
1.79,2.3869,1.79,3.6131
1.791,2.3882,1.791,3.6118
1.792,2.3895,1.792,3.6105
1.793,2.3908,1.793,3.6092
1.794,2.3921,1.794,3.6079
1.795,2.3934,1.795,3.6066
1.796,2.3947,1.796,3.6053
1.797,2.396,1.797,3.604
1.798,2.3973,1.798,3.6027
1.799,2.3987,1.799,3.6013
1.8,2.4,1.8,3.6
1.801,2.4013,1.801,3.5987
1.802,2.4027,1.802,3.5973
1.803,2.404,1.803,3.596
1.804,2.4054,1.804,3.5946
1.805,2.4067,1.805,3.5933
1.806,2.4081,1.806,3.5919
1.807,2.4094,1.807,3.5906
1.808,2.4108,1.808,3.5892
1.809,2.4122,1.809,3.5878
1.81,2.4136,1.81,3.5864
1.811,2.415,1.811,3.585
1.812,2.4163,1.812,3.5837
1.813,2.4177,1.813,3.5823
1.814,2.4191,1.814,3.5809
1.815,2.4205,1.815,3.5795
1.816,2.4219,1.816,3.5781
1.817,2.4234,1.817,3.5766
1.818,2.4248,1.818,3.5752
1.819,2.4262,1.819,3.5738
1.82,2.4276,1.82,3.5724
1.821,2.4291,1.821,3.5709
1.822,2.4305,1.822,3.5695
1.823,2.432,1.823,3.568
1.824,2.4334,1.824,3.5666
1.825,2.4349,1.825,3.5651
1.826,2.4363,1.826,3.5637
1.827,2.4378,1.827,3.5622
1.828,2.4393,1.828,3.5607
1.829,2.4408,1.829,3.5592
1.83,2.4422,1.83,3.5578
1.831,2.4437,1.831,3.5563
1.832,2.4452,1.832,3.5548
1.833,2.4467,1.833,3.5533
1.834,2.4482,1.834,3.5518
1.835,2.4498,1.835,3.5502
1.836,2.4513,1.836,3.5487
1.837,2.4528,1.837,3.5472
1.838,2.4543,1.838,3.5457
1.839,2.4559,1.839,3.5441
1.84,2.4574,1.84,3.5426
1.841,2.459,1.841,3.541
1.842,2.4605,1.842,3.5395
1.843,2.4621,1.843,3.5379
1.844,2.4637,1.844,3.5363
1.845,2.4652,1.845,3.5348
1.846,2.4668,1.846,3.5332
1.847,2.4684,1.847,3.5316
1.848,2.47,1.848,3.53
1.849,2.4716,1.849,3.5284
1.85,2.4732,1.85,3.5268
1.851,2.4748,1.851,3.5252
1.852,2.4765,1.852,3.5235
1.853,2.4781,1.853,3.5219
1.854,2.4797,1.854,3.5203
1.855,2.4814,1.855,3.5186
1.856,2.483,1.856,3.517
1.857,2.4847,1.857,3.5153
1.858,2.4864,1.858,3.5136
1.859,2.488,1.859,3.512
1.86,2.4897,1.86,3.5103
1.861,2.4914,1.861,3.5086
1.862,2.4931,1.862,3.5069
1.863,2.4948,1.863,3.5052
1.864,2.4965,1.864,3.5035
1.865,2.4982,1.865,3.5018
1.866,2.5,1.866,3.5
1.867,2.5017,1.867,3.4983
1.868,2.5034,1.868,3.4966
1.869,2.5052,1.869,3.4948
1.87,2.5069,1.87,3.4931
1.871,2.5087,1.871,3.4913
1.872,2.5105,1.872,3.4895
1.873,2.5123,1.873,3.4877
1.874,2.5141,1.874,3.4859
1.875,2.5159,1.875,3.4841
1.876,2.5177,1.876,3.4823
1.877,2.5195,1.877,3.4805
1.878,2.5213,1.878,3.4787
1.879,2.5232,1.879,3.4768
1.88,2.525,1.88,3.475
1.881,2.5269,1.881,3.4731
1.882,2.5288,1.882,3.4712
1.883,2.5306,1.883,3.4694
1.884,2.5325,1.884,3.4675
1.885,2.5344,1.885,3.4656
1.886,2.5363,1.886,3.4637
1.887,2.5382,1.887,3.4618
1.888,2.5402,1.888,3.4598
1.889,2.5421,1.889,3.4579
1.89,2.544,1.89,3.456
1.891,2.546,1.891,3.454
1.892,2.548,1.892,3.452
1.893,2.5499,1.893,3.4501
1.894,2.5519,1.894,3.4481
1.895,2.5539,1.895,3.4461
1.896,2.5559,1.896,3.4441
1.897,2.558,1.897,3.442
1.898,2.56,1.898,3.44
1.899,2.5621,1.899,3.4379
1.9,2.5641,1.9,3.4359
1.901,2.5662,1.901,3.4338
1.902,2.5683,1.902,3.4317
1.903,2.5704,1.903,3.4296
1.904,2.5725,1.904,3.4275
1.905,2.5746,1.905,3.4254
1.906,2.5767,1.906,3.4233
1.907,2.5789,1.907,3.4211
1.908,2.581,1.908,3.419
1.909,2.5832,1.909,3.4168
1.91,2.5854,1.91,3.4146
1.911,2.5876,1.911,3.4124
1.912,2.5898,1.912,3.4102
1.913,2.592,1.913,3.408
1.914,2.5943,1.914,3.4057
1.915,2.5965,1.915,3.4035
1.916,2.5988,1.916,3.4012
1.917,2.6011,1.917,3.3989
1.918,2.6034,1.918,3.3966
1.919,2.6057,1.919,3.3943
1.92,2.6081,1.92,3.3919
1.921,2.6104,1.921,3.3896
1.922,2.6128,1.922,3.3872
1.923,2.6152,1.923,3.3848
1.924,2.6176,1.924,3.3824
1.925,2.62,1.925,3.38
1.926,2.6225,1.926,3.3775
1.927,2.6249,1.927,3.3751
1.928,2.6274,1.928,3.3726
1.929,2.6299,1.929,3.3701
1.93,2.6324,1.93,3.3676
1.931,2.635,1.931,3.365
1.932,2.6375,1.932,3.3625
1.933,2.6401,1.933,3.3599
1.934,2.6427,1.934,3.3573
1.935,2.6454,1.935,3.3546
1.936,2.648,1.936,3.352
1.937,2.6507,1.937,3.3493
1.938,2.6534,1.938,3.3466
1.939,2.6561,1.939,3.3439
1.94,2.6588,1.94,3.3412
1.941,2.6616,1.941,3.3384
1.942,2.6644,1.942,3.3356
1.943,2.6672,1.943,3.3328
1.944,2.6701,1.944,3.3299
1.945,2.6729,1.945,3.3271
1.946,2.6758,1.946,3.3242
1.947,2.6788,1.947,3.3212
1.948,2.6817,1.948,3.3183
1.949,2.6847,1.949,3.3153
1.95,2.6878,1.95,3.3122
1.951,2.6908,1.951,3.3092
1.952,2.6939,1.952,3.3061
1.953,2.697,1.953,3.303
1.954,2.7002,1.954,3.2998
1.955,2.7034,1.955,3.2966
1.956,2.7066,1.956,3.2934
1.957,2.7099,1.957,3.2901
1.958,2.7132,1.958,3.2868
1.959,2.7166,1.959,3.2834
1.96,2.72,1.96,3.28
1.961,2.7235,1.961,3.2765
1.962,2.727,1.962,3.273
1.963,2.7305,1.963,3.2695
1.964,2.7341,1.964,3.2659
1.965,2.7378,1.965,3.2622
1.966,2.7415,1.966,3.2585
1.967,2.7452,1.967,3.2548
1.968,2.749,1.968,3.251
1.969,2.7529,1.969,3.2471
1.97,2.7569,1.97,3.2431
1.971,2.7609,1.971,3.2391
1.972,2.765,1.972,3.235
1.973,2.7692,1.973,3.2308
1.974,2.7735,1.974,3.2265
1.975,2.7778,1.975,3.2222
1.976,2.7822,1.976,3.2178
1.977,2.7868,1.977,3.2132
1.978,2.7914,1.978,3.2086
1.979,2.7961,1.979,3.2039
1.98,2.801,1.98,3.199
1.981,2.806,1.981,3.194
1.982,2.8111,1.982,3.1889
1.983,2.8164,1.983,3.1836
1.984,2.8218,1.984,3.1782
1.985,2.8274,1.985,3.1726
1.986,2.8333,1.986,3.1667
1.987,2.8393,1.987,3.1607
1.988,2.8455,1.988,3.1545
1.989,2.8521,1.989,3.1479
1.99,2.8589,1.99,3.1411
1.991,2.8661,1.991,3.1339
1.992,2.8738,1.992,3.1262
1.993,2.8819,1.993,3.1181
1.994,2.8906,1.994,3.1094
1.995,2.9001,1.995,3.0999
1.996,2.9106,1.996,3.0894
1.997,2.9226,1.997,3.0774
1.998,2.9368,1.998,3.0632
1.999,2.9553,1.999,3.0447
2,3,2,3
